1651 9 13540 1 514 a
2799
2804
2802
2800
2802
2809
2836
2793
2746
2713
2702
2713
2721
2727
2730
2738
2704
2717
2704
2720
2729
2864
2718
2681
2640
2612
2557
2548
2564
2575
2583
2600
2586
2589
2616
2617
2640
2630
2533
2528
2506
2473
2388
2367
2384
2408
2427
2449
2430
2439
2463
2486
2505
2474
2378
2361
2346
2321
2260
2198
2201
2234
2259
2286
2272
2283
2313
2339
2345
2283
2239
2193
2187
2150
2102
2046
2016
2049
2093
2122
2117
2122
2164
2201
2163
2122
2086
2036
2040
2009
1964
1929
1883
1900
1946
1961
1970
1971
1867
2034
1988
1971
1933
1896
1898
1867
1840
1810
1779
1750
1785
1774
1829
1836
1853
1834
1815
1793
1768
1712
1754
1727
1715
1693
1673
1652
1624
1647
1672
1704
1689
1648
1626
1610
1604
1595
1599
1596
1582
1573
1558
1531
1477
1491
1528
1557
1509
1461
1447
1447
1442
1431
1466
1474
1464
1465
1456
1413
1351
1362
1400
1424
1372
1328
1297
1295
1296
1304
1324
1373
1375
1367
1357
1310
1273
1245
1289
1287
1248
1209
1162
1160
1146
1204
1249
1300
1313
1310
1265
1242
1204
1168
1221
1196
1156
1123
1118
1068
1077
1130
1183
1237
1264
1255
1218
1190
1151
1126
1162
1153
1114
1081
1044
1014
1034
1093
1143
1183
1255
1225
1194
1163
1132
1097
1144
1121
1088
1055
1027
1000
1021
1082
1133
1190
1214
1209
1180
1148
1126
1091
1133
1124
1090
1063
1063
1023
1046
1082
1147
1201
1215
1226
1195
1163
1132
1093
1157
1159
1125
1093
1066
1080
1093
1117
1173
1205
1217
1227
1231
1204
1161
1162
1215
1245
1201
1180
1164
1169
1183
1196
1241
1259
1277
1270
1280
1260
1222
1233
1286
1332
1292
1268
1271
1274
1291
1280
1314
1324
1336
1326
1325
1323
1285
1328
1373
1421
1400
1396
1398
1394
1389
1384
1415
1408
1411
1396
1392
1380
1406
1445
1474
1525
1554
1557
1546
1531
1528
1508
1538
1533
1510
1502
1483
1479
1560
1584
1614
1638
1694
1738
1727
1705
1687
1668
1685
1677
1642
1630
1601
1646
1769
1749
1774
1796
1851
1910
1919
1879
1858
1828
1834
1831
1795
1767
1769
1817
1877
1911
1923
1953
2004
2087
2089
2061
2010
2018
2000
1991
1953
1905
1942
1986
2035
2078
2074
2106
2150
2188
2087
2209
2172
2160
2154
2142
2105
2086
2124
2160
2193
2225
2220
2253
2272
2318
2347
2375
2338
2324
2317
2301
2268
2286
2313
2345
2362
2385
2382
2395
2421
2427
2463
2477
2516
2487
2461
2477
2443
2485
2497
2523
2533
2547
2520
2537
2548
2552
2571
2605
2655
2629
2598
2569
2603
2659
2673
2672
2683
2689
2662
2647
2654
2658
2651
2702
2752
2767
2768
2702
2748
2794
2815
2818
2819
2811
2740
2738
2734
2737
2755
2800
2839
2868
2825
2820
2865
2897
2940
2944
2936
2909
2857
2808
2804
2810
2841
2866
2914
2958
2910
2931
2971
3009
3040
3060
3046
2996
2937
2889
2864
2869
2904
2943
2977
3005
2966
2985
3018
3049
3088
3131
3090
3034
2975
2922
2866
2901
2931
2970
2994
3026
2992
3002
3037
3068
3100
3134
3111
3055
2996
2915
2902
2913
2944
3049
3004
3028
2989
3012
3036
3069
3089
3109
3089
3050
2986
2925
2919
2914
2928
2966
2995
3025
2967
2963
3000
3025
3050
3042
3024
3009
2956
2916
2896
2891
2895
2931
2967
2969
2914
2894
2922
2964
2966
2955
2950
2943
2892
2872
2860
2849
2846
2866
2914
2899
2839
2801
2833
2850
2855
2847
2852
2840
2806
2806
2796
2796
2797
2787
2837
2793
2753
2711
2710
2724
2731
2732
2713
2739
2708
2715
2739
2724
2730
2738
2728
2696
2666
2651
2573
2576
2590
2595
2612
2614
2594
2601
2609
2633
2644
2649
2568
2538
2520
2498
2437
2386
2406
2426
2447
2466
2448
2466
2484
2503
2532
2488
2417
2383
2364
2339
2273
2215
2223
2243
2280
2301
2283
2295
2321
2358
2354
2302
2251
2208
2193
2166
2112
2061
2035
2073
2122
2128
2119
2134
2166
2218
2173
2131
2089
2044
2044
2012
1975
1926
1883
1904
1956
1947
1971
1973
2019
2057
2008
1974
1934
1908
1909
1888
1850
1823
1791
1761
1806
1818
1838
1847
1876
1862
1827
1806
1781
1758
1769
1751
1722
1705
1683
1660
1642
1661
1690
1686
1702
1668
1658
1636
1616
1599
1618
1612
1600
1584
1567
1540
1489
1504
1545
1567
1534
1485
1473
1471
1451
1455
1482
1500
1485
1484
1479
1427
1374
1374
1421
1433
1390
1346
1323
1320
1320
1323
1339
1394
1394
1395
1364
1337
1292
1265
1306
1308
1270
1233
1192
1195
1206
1206
1279
1324
1330
1333
1290
1256
1222
1179
1227
1214
1177
1135
1105
1084
1094
1141
1201
1248
1278
1264
1231
1196
1163
1128
1175
1151
1114
1088
1051
1040
1099
1146
1206
1264
1318
1336
1307
1274
1241
1305
1366
1422
1424
1395
1360
1347
1407
1461
1522
1580
1629
1638
1602
1578
1544
1569
1629
1669
1641
1616
1582
1585
1593
1652
1709
1669
1805
1808
1778
1741
1713
1709
1759
1779
1750
1716
1680
1682
1692
1743
1793
1845
1852
1868
1851
1811
1788
1761
1852
1831
1793
1759
1733
1746
1713
1781
1825
1864
1865
1874
1876
1836
1796
1795
1841
1881
1841
1800
1797
1807
1802
1818
1866
1872
1873
1875
1875
1850
1801
1830
1873
1914
1892
1853
1857
1856
1852
1852
1881
1894
1883
1883
1873
1864
1841
1866
1909
1940
1949
1932
1920
1912
1897
1891
1917
1908
1894
1887
1859
1862
1892
1915
1940
1965
1999
2010
1992
1975
1951
1941
1951
1940
1921
1880
1875
1881
1943
1956
1980
1998
2055
2094
2061
2038
2001
1972
1989
1991
1946
1912
1881
1930
1964
2017
2024
2039
2094
2141
2126
2096
2052
2028
2033
2020
1980
1946
1931
1980
2025
2060
2061
2078
2119
2163
2208
2153
2110
2084
2082
2071
2026
1979
2012
2054
2087
2116
2114
2129
2165
2197
2225
2214
2163
2150
2135
2122
2074
2065
2087
2123
2133
2165
2147
2155
2190
2211
2239
2263
2214
2188
2162
2139
2113
2130
2138
2164
2183
2197
2187
2183
2189
2212
2219
2240
2272
2234
2199
2175
2171
2207
2212
2224
2231
2244
2217
2208
2219
2217
2226
2253
2302
2274
2236
2194
2230
2273
2276
2280
2281
2280
2235
2229
2218
2217
2225
2262
2308
2302
2255
2229
2276
2315
2329
2330
2325
2308
2258
2216
2221
2211
2238
2269
2306
2329
2274
2278
2319
2350
2378
2387
2368
2333
2285
2225
2218
2212
2244
2287
2321
2352
2300
2321
2338
2373
2411
2502
2419
2356
2305
2251
2214
2230
2261
2295
2329
2356
2313
2325
2355
2390
2420
2440
2424
2373
2319
2254
2205
2231
2263
2293
2322
2354
2300
2324
2352
2388
2419
2444
2429
2366
2301
2258
2220
2227
2255
2295
2319
2350
2298
2307
2340
2369
2403
2402
2398
2347
2300
2247
2243
2232
2260
2298
2321
2349
2290
2287
2317
2358
2377
2362
2363
2344
2292
2256
2243
2243
2244
2291
2357
2323
2277
2239
2311
2317
2318
2322
2314
2309
2266
2248
2248
2264
2247
2274
2315
2284
2245
2199
2135
2251
2252
2259
2264
2267
2229
2221
2227
2238
2237
2250
2282
2243
2212
2165
2164
2188
2193
2206
2217
2230
2201
2202
2216
2232
2253
2231
2239
2207
2176
2177
2112
2114
2129
2152
2165
2188
2170
2182
2206
2224
2249
2248
2187
2159
2154
2124
2074
2035
2064
2095
2126
2146
2143
2159
2182
2202
2243
2203
2145
2179
2105
2087
2041
1986
2005
2030
2077
2110
2094
2109
2143
2183
2187
2140
2099
2063
2062
2042
1998
1958
1901
1969
2028
2039
2039
2049
2090
2148
2115
2071
2040
2007
2019
1992
1968
1929
1891
1902
1966
1975
1997
2006
2056
2076
