1651 9 13000 1 514 a
1175
1158
1119
1089
1054
1026
1046
1101
1151
1218
1247
1223
1196
1158
1129
1096
1138
1119
1074
1053
1023
1096
1017
1077
1128
1190
1225
1200
1172
1142
1107
1085
1127
1101
1078
1041
1013
993
983
1063
1121
1175
1177
1202
1166
1143
1118
1082
1127
1124
1100
1062
1030
1044
1028
1088
1142
1192
1201
1215
1199
1163
1132
1107
1166
1172
1141
1104
1095
1105
1112
1129
1187
1216
1227
1229
1241
1210
1162
1160
1219
1251
1212
1176
1183
1189
1195
1201
1250
1266
1277
1277
1288
1262
1216
1257
1298
1346
1216
1304
1300
1308
1304
1301
1337
1343
1341
1344
1341
1338
1313
1340
1405
1438
1456
1441
1449
1441
1436
1414
1457
1446
1442
1430
1424
1409
1461
1496
1523
1550
1613
1631
1620
1601
1587
1583
1592
1585
1573
1552
1531
1549
1616
1654
1673
1701
1759
1825
1798
1775
1746
1731
1749
1739
1711
1686
1650
1716
1764
1818
1829
1855
1910
1962
1990
1958
1926
1893
1889
1893
1863
1830
1835
1876
1936
1977
1984
2026
2062
2106
2156
2117
2055
2060
2061
2057
2017
1978
2019
2063
2101
2142
2137
2170
2207
2243
2302
2289
2237
2225
2209
2206
2170
2161
2197
2229
2254
2288
2295
2313
2339
2366
2387
2420
2398
2378
2352
2318
2333
2358
2379
2407
2421
2447
2434
2442
2465
2485
2497
2508
2569
2533
2506
2473
2507
2544
2559
2577
2586
2597
2574
2578
2590
2598
2630
2641
2698
2681
2653
2612
2658
2712
2715
2727
2734
2729
2696
2687
2683
2692
2697
2747
2787
2812
2787
2755
2802
2847
2881
2876
2878
2858
2815
2780
2773
2780
2802
2843
2883
2925
2870
2876
2924
2957
2994
3001
2992
2958
2898
2851
2843
2844
2880
2916
2962
2986
2941
2956
3005
3028
3057
3090
3063
3017
2963
2916
2871
2893
2921
2961
2986
3021
2985
2999
3037
3065
3095
3119
3108
3043
2992
2945
2888
2918
2942
2970
3004
3035
2998
3012
3048
3072
3106
3118
3116
3056
2999
2937
2909
2909
2951
2982
3007
3041
2984
2997
3021
3058
3084
3086
3130
3034
2984
2933
2921
2908
2919
2953
2984
3009
2946
2944
2983
3011
3034
3021
3010
2984
2935
2903
2893
2908
2880
2912
2955
2975
2899
2870
2904
2938
2939
2935
2928
2927
2872
2848
2860
2846
2735
2864
2907
2871
2830
2783
2804
2827
2827
2826
2825
2825
2786
2788
2783
2793
2793
2794
2805
2763
2722
2688
2680
2675
2677
2690
2692
2698
2675
2678
2688
2681
2700
2719
2671
2636
2598
2599
2519
2496
2511
2530
2540
2547
2530
2546
2554
2574
2589
2568
2506
2477
2454
2425
2374
2312
2347
2357
2382
2408
2390
2399
2431
2448
2465
2411
2361
2320
2347
2279
2213
2165
2152
2182
2212
2241
2206
2236
2272
2308
2297
2238
2196
2152
2149
2120
2072
2020
1977
2010
2053
2074
2070
2074
2118
2159
2112
2072
2030
2000
1989
1954
1921
1896
1842
1840
1888
1898
1909
1920
1956
1961
1923
1898
1863
1836
1834
1818
1789
1759
1730
1723
1726
1743
1764
1779
1794
1769
1735
1728
1704
1682
1690
1673
1658
1638
1624
1603
1559
1579
1612
1619
1615
1589
1568
1612
1540
1521
1554
1547
1542
1523
1513
1499
1428
1447
1482
1518
1463
1420
1400
1396
1394
1387
1428
1443
1438
1432
1421
1379
1335
1316
1360
1370
1321
1277
1243
1249
1249
1264
1305
1342
1347
1351
1324
1281
1245
1217
1262
1253
1213
1183
1139
1130
1144
1189
1225
1286
1291
1279
1252
1211
1181
1159
1190
1161
1128
1100
1063
1030
1053
1111
1165
1219
1247
1231
1200
1168
1110
1104
1139
1118
1110
1059
1024
997
1006
1075
1131
1212
1227
1206
1181
1144
1116
1083
1120
1109
1081
1047
1021
999
1007
1062
1127
1182
1211
1211
1178
1152
1117
1092
1136
1132
1094
1062
1030
1026
1047
1078
1146
1188
1199
1211
1199
1167
1134
1107
1164
1176
1144
1110
1099
1102
1113
1137
1191
1221
1233
1236
1234
1205
1172
1166
1222
1250
1211
1176
1178
1185
1193
1208
1245
1275
1274
1267
1273
1257
1220
1251
1298
1345
1323
1292
1294
1288
1292
1296
1338
1326
1339
1338
1333
1338
1314
1354
1396
1439
1456
1441
1434
1430
1424
1414
1444
1442
1440
1425
1420
1408
1452
1481
1522
1529
1604
1613
1601
1590
1570
1556
1580
1569
1557
1543
1521
1525
1596
1636
1658
1687
1744
1794
1777
1759
1730
1713
1728
1684
1694
1672
1640
1697
1754
1786
1817
1835
1896
1955
1962
1930
1896
1874
1867
1877
1840
1809
1804
1861
1919
1958
1959
1995
2048
2089
2141
2099
2063
2025
2042
2043
2003
1957
1998
2045
2079
2119
2123
2153
2193
2226
2263
2271
2220
2212
2202
2190
2153
2149
2179
2213
2244
2272
2272
2290
2326
2357
2386
2402
2385
2367
2351
2334
2312
2332
2352
2375
2399
2376
2352
2330
2333
2354
2361
2403
2370
2351
2329
2305
2275
2306
2309
2334
2347
2332
2303
2275
2288
2302
2312
2352
2357
2314
2284
2173
2249
2287
2301
2310
2313
2299
2264
2249
2254
2252
2259
2305
2343
2315
2268
2233
2262
2315
2324
2325
2332
2309
2298
2233
2228
2233
2241
2287
2297
2333
2284
2261
2302
2339
2369
2368
2362
2331
2277
2240
2229
2224
2253
2294
2321
2355
2311
2301
2337
2376
2410
2414
2402
2352
2302
2248
2234
2242
2270
2307
2335
2363
2320
2331
2357
2393
2420
2444
2425
2367
2307
2257
2216
2234
2264
2299
2326
2359
2317
2328
2356
2394
2424
2459
2436
2373
2306
2256
2205
2228
2264
2292
2326
2358
2310
2313
2347
2363
2410
2427
2417
2349
2304
2255
2233
2232
2265
2300
2326
2361
2303
2330
2343
2375
2407
2395
2379
2363
2303
2254
2247
2239
2265
2300
2336
2349
2285
2279
2322
2360
2361
2366
2363
2344
2295
2266
2268
2255
2256
2291
2327
2316
2265
2229
2271
2307
2306
2305
2304
2300
2260
2244
2246
2247
2251
2271
2317
2279
2236
2187
2210
2246
2243
2245
2249
2254
2223
2226
2233
2240
2251
2264
2279
2244
2205
2178
2156
2173
2185
2195
2210
2226
2224
2209
2217
2242
2267
2276
2221
2196
2163
2155
2099
2088
2117
2132
2149
2177
2160
2168
2199
2221
2247
2237
2171
2143
2134
2114
2064
2022
2049
2082
2110
2142
2124
2145
2178
2202
2238
2182
2137
2099
2096
2080
2032
1987
1989
2028
2070
2094
2089
2100
2157
2189
2181
2136
2099
2061
2064
2044
2003
1970
1938
1961
2011
2034
2046
2049
2101
2137
2093
2062
2032
2000
2015
2001
1962
1940
1907
1937
1951
1963
1982
2002
2040
2051
2018
2004
1974
1951
1968
1950
1931
1914
1890
1868
1892
1923
1949
1967
1994
1966
1953
1937
1920
1907
1923
1927
1914
1906
1894
1877
1829
1874
1907
1946
1932
1895
1885
1878
1872
1859
1903
1916
1907
1904
1899
1869
1819
1832
1874
1912
1871
1823
1821
1818
1815
1829
1877
1894
1894
1901
1891
1852
1807
1796
1845
1863
1817
1790
1758
1767
1792
1799
1845
1890
1919
1904
1885
1840
1813
1774
1833
1824
1792
1768
1688
1710
1717
1769
1830
1875
1830
1901
1858
1825
1798
1767
1815
1807
1771
1746
1710
1676
1703
1757
1817
1869
1919
1902
1861
1833
1802
1767
1813
1806
1774
1739
1713
1652
1697
1761
1810
1892
1925
1901
1865
1842
1807
1778
1828
1806
1776
1744
1720
1695
1713
1757
1816
1871
1885
1888
1863
1831
1795
1764
1820
1814
1783
1742
1713
1719
1728
1823
1818
1864
1880
1886
1862
1824
1795
1784
1835
1854
1814
1769
1764
1767
1776
1794
1843
1873
1872
1879
1870
1845
1807
1812
1856
1906
1863
1824
1824
1823
1824
1827
1871
1886
1882
1886
1883
1861
1804
1852
1893
1936
1917
1891
