1651 9 13a80 1 514 10
1.21108401
1.21108401
1.22993362
1.22993362
1.25349557
1.25349557
1.27234507
1.27234507
1.29590702
1.29590702
1.31475663
1.31475663
1.33360612
1.33360612
1.35716808
1.35716808
1.37601769
1.37601769
1.39957964
1.39957964
1.41842914
1.41842914
1.44199109
1.44199109
1.4608407
1.4608407
1.48440266
1.48440266
1.50325215
1.50325215
1.5268141
1.5268141
1.54566371
1.54566371
1.56922567
1.56922567
1.58807516
1.58807516
1.61163712
1.61163712
1.63048673
1.63048673
1.65404868
1.65404868
1.67289817
1.67289817
1.69646013
1.69646013
1.71530974
1.71530974
1.73887169
1.73887169
1.75772119
1.75772119
1.78128314
1.78128314
1.80013275
1.80013275
1.82369471
1.82369471
1.8425442
1.8425442
1.86610615
1.86610615
1.88495576
1.88495576
1.90851772
1.90851772
1.92736721
1.92736721
1.95092916
1.95092916
1.96977878
1.96977878
1.99334073
1.99334073
2.01219034
2.01219034
2.0357523
2.0357523
2.05460167
2.05460167
2.07816362
2.07816362
2.09701324
2.09701324
2.12057519
2.12057519
2.1394248
2.1394248
2.16298676
2.16298676
2.18183637
2.18183637
2.20539808
2.20539808
2.22424769
2.22424769
2.24780965
2.24780965
2.26665926
2.26665926
2.29022121
2.29022121
2.30907083
2.30907083
2.33263278
2.33263278
2.35148215
2.35148215
2.37504411
2.37504411
2.39389372
2.39389372
2.41745567
2.41745567
2.43630528
2.43630528
2.45986724
2.45986724
2.47871685
2.47871685
2.5022788
2.5022788
2.52112818
2.52112818
2.54469013
2.54469013
2.56353974
2.56353974
2.5871017
2.5871017
2.60595131
2.60595131
2.62951326
2.62951326
2.64836287
2.64836287
2.67192483
2.67192483
2.6907742
2.6907742
2.71433616
2.71433616
2.73318577
2.73318577
2.75674772
2.75674772
2.77559733
2.77559733
2.79915929
2.79915929
2.8180089
2.8180089
2.84157085
2.84157085
2.86042023
2.86042023
2.88398218
2.88398218
2.90283179
2.90283179
2.92639375
2.92639375
2.94524336
2.94524336
2.96409297
2.96409297
2.98765492
2.98765492
3.0065043
3.0065043
3.03006625
3.03006625
3.04891586
3.04891586
3.07247782
3.07247782
3.09132743
3.09132743
3.11488938
3.11488938
3.13373899
3.13373899
3.15730095
3.15730095
3.17615032
3.17615032
3.19971228
3.19971228
3.21856189
3.21856189
3.24212384
3.24212384
3.26097345
3.26097345
3.28453541
3.28453541
3.30338502
3.30338502
3.32694697
3.32694697
3.34579635
3.34579635
3.3693583
3.3693583
3.38820791
3.38820791
3.41176987
3.41176987
3.43061948
3.43061948
3.45418143
3.45418143
3.47303104
3.47303104
3.49659276
3.49659276
3.51544237
3.51544237
3.53900433
3.53900433
3.55785394
3.55785394
3.58141589
3.58141589
3.6002655
3.6002655
3.62382746
3.62382746
3.64267683
3.64267683
3.66623878
3.66623878
3.6850884
3.6850884
3.70865035
3.70865035
3.72749996
3.72749996
3.75106192
3.75106192
3.76991153
3.76991153
3.79347348
3.79347348
3.81232285
3.81232285
3.83588481
3.83588481
3.85473442
3.85473442
3.87829638
3.87829638
3.89714599
3.89714599
3.92070794
3.92070794
3.93955755
3.93955755
3.96311951
3.96311951
3.98196888
3.98196888
4.00553083
4.00553083
4.02438068
4.02438068
4.04323006
4.04323006
4.06679201
4.06679201
4.08564138
4.08564138
4.10920334
4.10920334
4.12805319
4.12805319
4.15161514
4.15161514
4.17046452
4.17046452
4.19402647
4.19402647
4.21287584
4.21287584
4.2364378
4.2364378
4.25528765
4.25528765
4.2788496
4.2788496
4.29769897
4.29769897
4.32126093
4.32126093
4.34011078
4.34011078
4.36367273
4.36367273
4.38252211
4.38252211
4.40608406
4.40608406
4.42493343
4.42493343
4.44849539
4.44849539
4.46734524
4.46734524
4.49090719
4.49090719
4.50975657
4.50975657
4.53331852
4.53331852
4.55216789
4.55216789
4.57572985
4.57572985
4.5945797
4.5945797
4.61814165
4.61814165
4.63699102
4.63699102
4.66055298
4.66055298
4.67940283
4.67940283
4.70296431
4.70296431
4.72181416
4.72181416
4.74537611
4.74537611
4.76422548
4.76422548
4.78778744
4.78778744
4.80663729
4.80663729
4.83019924
4.83019924
4.84904861
4.84904861
4.87261057
4.87261057
4.89145994
4.89145994
4.9150219
4.9150219
4.93387175
4.93387175
4.9574337
4.9574337
4.97628307
4.97628307
4.99984503
4.99984503
5.0186944
5.0186944
5.04225636
5.04225636
5.0611062
5.0611062
5.08466816
5.08466816
5.10351753
5.10351753
5.12707949
5.12707949
5.14592934
5.14592934
5.16949129
5.16949129
5.18834066
5.18834066
5.21190262
5.21190262
5.23075199
5.23075199
5.25431395
5.25431395
5.2731638
5.2731638
5.29672575
5.29672575
5.31557512
5.31557512
5.33913708
5.33913708
5.35798645
5.35798645
5.3815484
5.3815484
5.40039825
5.40039825
5.42396021
5.42396021
5.44280958
5.44280958
5.46637154
5.46637154
5.48522139
5.48522139
5.50878334
5.50878334
5.52763271
5.52763271
5.55119467
5.55119467
5.57004404
5.57004404
5.593606
5.593606
5.61245584
5.61245584
5.6360178
5.6360178
5.65486717
5.65486717
5.67842913
5.67842913
5.6972785
5.6972785
5.71612835
5.71612835
5.7396903
5.7396903
5.75853968
5.75853968
5.78210163
5.78210163
5.80095148
5.80095148
5.82451296
5.82451296
5.84336281
5.84336281
5.86692476
5.86692476
5.88577414
5.88577414
5.90933609
5.90933609
5.92818594
5.92818594
5.95174789
5.95174789
5.97059727
5.97059727
5.99415922
5.99415922
6.01300859
6.01300859
6.03657055
6.03657055
6.0554204
6.0554204
6.07898235
6.07898235
6.09783173
6.09783173
6.12139368
6.12139368
6.14024305
6.14024305
6.16380501
6.16380501
6.18265486
6.18265486
6.20621681
6.20621681
6.22506618
6.22506618
6.24862814
6.24862814
6.26747799
6.26747799
0.00785398483
0.00785398483
0.0267033577
0.0267033577
0.0502653122
0.0502653122
0.0691146851
0.0691146851
0.0926766396
0.0926766396
0.111526489
0.111526489
0.135088444
0.135088444
0.153937817
0.153937817
0.177499771
0.177499771
0.196349144
0.196349144
0.219911098
0.219911098
0.238760948
0.238760948
0.262322903
0.262322903
0.281172276
0.281172276
0.30473423
0.30473423
0.32358408
0.32358408
0.347146034
0.347146034
0.365995407
0.365995407
0.389557362
0.389557362
0.408406734
0.408406734
0.431968689
0.431968689
0.450818539
0.450818539
0.474380493
0.474380493
0.493229866
0.493229866
0.516791821
0.516791821
0.535641193
0.535641193
0.559203148
0.559203148
0.578052998
0.578052998
0.601614952
0.601614952
0.620464325
0.620464325
0.644026279
0.644026279
0.662876129
0.662876129
0.686437607
0.686437607
0.705287457
0.705287457
0.728849411
0.728849411
0.747698784
0.747698784
0.771260738
0.771260738
0.790110588
0.790110588
0.813672543
0.813672543
0.832521915
0.832521915
0.85608387
0.85608387
0.874933243
0.874933243
0.898495197
0.898495197
0.917345047
0.917345047
0.940907001
0.940907001
0.959756374
0.959756374
0.983318329
0.983318329
1.0021677
1.0021677
1.02572966
1.02572966
1.04457951
1.04457951
1.06342888
1.06342888
1.08699083
1.08699083
1.10584068
1.10584068
1.12940264
1.12940264
1.14825201
1.14825201
1.17181396
1.17181396
1.19066334
1.19066334
1.21422529
1.21422529
1.23307514
1.23307514
1.2566371
1.2566371
1.27548647
1.27548647
1.29904842
1.29904842
1.3178978
1.3178978
1.34145975
1.34145975
1.3603096
1.3603096
1.38387156
1.38387156
1.40272093
1.40272093
1.42628288
1.42628288
1.44513273
1.44513273
1.46869469
1.46869469
1.48754406
1.48754406
1.51110601
1.51110601
1.52995539
1.52995539
1.55351734
1.55351734
1.57236719
1.57236719
1.59592915
1.59592915
1.61477852
1.61477852
1.63834047
1.63834047
1.65718985
1.65718985
1.6807518
1.6807518
1.69960165
1.69960165
1.7231636
1.7231636
1.74201298
1.74201298
1.76557541
1.76557541
1.78442478
1.78442478
1.80798626
1.80798626
1.82683563
1.82683563
1.85039806
1.85039806
1.86924744
1.86924744
1.89280987
1.89280987
1.91165924
1.91165924
1.93522072
1.93522072
1.95407009
1.95407009
1.97763252
1.97763252
1.9964819
1.9964819
2.02004433
2.02004433
2.0388937
2.0388937
2.06245518
2.06245518
2.0813055
2.0813055
2.10486698
2.10486698
2.12371635
2.12371635
2.14727879
2.14727879
2.16612816
2.16612816
2.18968964
2.18968964
2.20853996
2.20853996
2.23210144
2.23210144
2.25095081
2.25095081
2.27451324
2.27451324
2.29336262
2.29336262
2.3169241
2.3169241
2.33577442
2.33577442
2.3593359
2.3593359
2.37818527
2.37818527
2.4017477
2.4017477
2.42059708
2.42059708
2.44415951
2.44415951
2.46300888
2.46300888
2.48657036
2.48657036
2.50541973
2.50541973
2.52898216
2.52898216
2.54783154
2.54783154
2.57139397
2.57139397
2.59024334
2.59024334
2.61380482
2.61380482
2.63265419
2.63265419
2.65621662
2.65621662
2.67506599
2.67506599
2.69862843
2.69862843
2.7174778
2.7174778
2.73632717
2.73632717
2.7598896
2.7598896
2.77873898
2.77873898
2.80230045
2.80230045
2.82114983
2.82114983
2.84471226
2.84471226
2.86356163
2.86356163
2.88712406
2.88712406
2.90597343
2.90597343
2.92953491
2.92953491
2.94838428
2.94838428
2.97194672
2.97194672
2.99079609
2.99079609
3.01435852
3.01435852
3.03320789
3.03320789
3.05676937
3.05676937
3.0756197
3.0756197
3.09918118
3.09918118
3.11803055
3.11803055
3.14159298
3.14159298
3.16044235
3.16044235
3.18400383
3.18400383
3.20285416
3.20285416
3.22641563
3.22641563
3.24526501
3.24526501
3.26882744
3.26882744
3.28767681
3.28767681
3.31123829
3.31123829
3.33008862
3.33008862
3.35365009
3.35365009
3.37249947
3.37249947
3.3960619
3.3960619
3.41491127
3.41491127
3.43847275
3.43847275
3.45732307
3.45732307
3.48088455
3.48088455
3.49973392
3.49973392
3.52329636
3.52329636
3.54214573
3.54214573
3.56570816
3.56570816
3.58455753
3.58455753
3.60811901
3.60811901
3.62696838
3.62696838
3.65053082
3.65053082
3.66938019
3.66938019
3.69294262
3.69294262
3.71179199
3.71179199
3.73535347
3.73535347
3.75420284
3.75420284
3.77776527
3.77776527
3.79661465
3.79661465
3.82017708
3.82017708
3.83902645
3.83902645
3.86258793
3.86258793
3.88143826
3.88143826
3.90499973
3.90499973
3.92384911
3.92384911
3.94741154
3.94741154
3.96626091
3.96626091
3.98982239
3.98982239
4.00867271
4.00867271
4.03223419
4.03223419
4.05108356
4.05108356
4.074646
4.074646
4.09349537
4.09349537
4.11705685
4.11705685
4.13590717
4.13590717
4.15946865
4.15946865
4.17831802
4.17831802
4.20188046
4.20188046
4.22072983
4.22072983
4.24429131
4.24429131
4.26314163
4.26314163
4.28670311
4.28670311
4.30555248
4.30555248
4.32440281
4.32440281
4.34796429
4.34796429
4.36681366
4.36681366
4.39037609
4.39037609
4.40922546
4.40922546
4.43278694
4.43278694
4.45163727
4.45163727
4.47519875
4.47519875
4.49404812
4.49404812
4.51761055
4.51761055
4.53645992
4.53645992
4.5600214
4.5600214
4.57887173
4.57887173
4.6024332
4.6024332
4.62128258
4.62128258
4.64484501
4.64484501
4.66369438
4.66369438
4.68725681
4.68725681
4.70610619
4.70610619
4.72966766
4.72966766
4.74851704
4.74851704
4.77207947
4.77207947
4.79092884
4.79092884
4.81449127
4.81449127
4.83334064
4.83334064
4.85690212
4.85690212
4.8757515
4.8757515
4.89931393
4.89931393
4.9181633
4.9181633
4.94172573
4.94172573
4.9605751
4.9605751
4.98413658
4.98413658
5.00298691
5.00298691
5.02654839
5.02654839
5.04539776
5.04539776
5.06896019
5.06896019
5.08780956
5.08780956
5.11137104
5.11137104
5.13022137
5.13022137
5.15378284
5.15378284
5.17263222
5.17263222
5.19619465
5.19619465
5.21504402
5.21504402
5.2386055
5.2386055
5.25745583
5.25745583
5.2810173
5.2810173
5.29986668
5.29986668
5.32342911
5.32342911
5.34227848
5.34227848
5.36583996
5.36583996
5.38469028
5.38469028
5.40825176
5.40825176
5.42710114
5.42710114
5.44595146
5.44595146
5.46951294
5.46951294
5.48836231
5.48836231
5.51192474
5.51192474
5.53077412
5.53077412
5.55433559
5.55433559
5.57318592
5.57318592
5.5967474
5.5967474
5.61559677
5.61559677
5.6391592
5.6391592
5.65800858
5.65800858
5.68157005
5.68157005
5.70042038
5.70042038
5.72398186
5.72398186
5.74283123
5.74283123
5.76639366
5.76639366
5.78524303
5.78524303
5.80880547
5.80880547
5.82765484
5.82765484
5.85121632
5.85121632
5.87006569
5.87006569
5.89362812
5.89362812
5.91247749
5.91247749
5.93603992
5.93603992
5.9548893
5.9548893
5.97845078
5.97845078
5.99730015
5.99730015
6.02086258
6.02086258
6.03971195
6.03971195
6.06327438
6.06327438
6.08212376
6.08212376
6.10568523
6.10568523
6.12453556
6.12453556
6.14809704
6.14809704
6.16694641
6.16694641
6.19050884
6.19050884
6.20935822
6.20935822
6.23291969
6.23291969
6.25177002
6.25177002
6.2753315
6.2753315
0.0109949112
0.0109949112
0.0345573425
0.0345573425
0.0534067154
0.0534067154
0.0769681931
0.0769681931
0.0958185196
0.0958185196
0.119379997
0.119379997
0.13822937
0.13822937
0.161791801
0.161791801
0.180641174
0.180641174
0.204203606
0.204203606
0.223052979
0.223052979
0.246614456
0.246614456
0.265463829
0.265463829
0.28902626
0.28902626
0.307875633
0.307875633
0.331438065
0.331438065
0.350287437
0.350287437
0.373848915
0.373848915
0.392698288
0.392698288
0.416260719
0.416260719
0.435110092
0.435110092
0.458672523
0.458672523
0.477521896
0.477521896
0.501083374
0.501083374
0.519932747
0.519932747
0.543495178
0.543495178
0.562344551
0.562344551
0.585906982
0.585906982
0.604756355
0.604756355
0.628317833
0.628317833
0.647168159
0.647168159
0.670729637
0.670729637
0.68957901
0.68957901
0.713141441
0.713141441
0.731990814
0.731990814
0.755552292
0.755552292
0.774402618
0.774402618
0.793251991
0.793251991
0.816813469
0.816813469
0.835662842
0.835662842
0.859225273
0.859225273
0.878074646
0.878074646
0.901637077
0.901637077
0.92048645
0.92048645
0.944047928
0.944047928
0.962898254
0.962898254
0.986459732
0.986459732
1.0053091
1.0053091
1.02887154
1.02887154
1.04772091
1.04772091
1.07128239
1.07128239
1.09013271
1.09013271
1.11369419
1.11369419
1.13254356
1.13254356
1.156106
1.156106
1.17495537
1.17495537
1.19851685
1.19851685
1.21736717
1.21736717
1.24092865
1.24092865
1.25977802
1.25977802
1.28334045
1.28334045
1.30218983
1.30218983
1.32575226
1.32575226
1.34460163
1.34460163
1.36816311
1.36816311
1.38701248
1.38701248
1.41057491
1.41057491
1.42942429
1.42942429
1.45298672
1.45298672
1.47183609
1.47183609
1.49539757
1.49539757
1.51424694
1.51424694
1.53780937
1.53780937
1.55665874
1.55665874
1.58022118
1.58022118
1.59907055
1.59907055
1.62263203
1.62263203
1.6414814
1.6414814
1.66504383
1.66504383
1.6838932
1.6838932
1.70745564
1.70745564
1.72630501
1.72630501
1.74986649
1.74986649
1.76871681
1.76871681
1.79227829
1.79227829
1.81112766
1.81112766
1.83469009
1.83469009
1.85353947
1.85353947
1.87710094
1.87710094
1.89595127
1.89595127
1.91951275
1.91951275
1.93836212
1.93836212
1.96192455
1.96192455
1.98077393
1.98077393
2.0043354
2.0043354
2.02318573
2.02318573
2.04674721
2.04674721
2.06559658
2.06559658
2.08915901
2.08915901
2.10800838
2.10800838
2.13157082
2.13157082
2.15042019
2.15042019
2.17398167
2.17398167
2.19283104
2.19283104
2.21639347
2.21639347
2.23524284
2.23524284
2.25880527
2.25880527
2.27765465
2.27765465
2.30121613
2.30121613
2.3200655
2.3200655
2.34362793
2.34362793
2.3624773
2.3624773
2.38603973
2.38603973
