hex
0
0
0
0
3f781521
6a008000
3f781521
6a004000
3f781521
6a000000
0
0
0
0
0
0
0
0
0
0
0
0
0
0
0
0
0
0
0
0
0
0
0
0
0
0
0
0
0
0
0
0
0
0
3f781521
6a008000
3f781521
6a004000
3f781521
6a000000
0
0
0
0
0
0
0
0
0
0
0
0
0
0
0
0
0
0
0
0
0
0
0
0
0
0
0
0
0
0
0
0
0
0
3f781521
6a008000
3f781521
6a004000
3f781521
6a000000
0
0
0
0
0
0
0
0
0
0
0
0
0
0
0
0
0
0
0
0
0
0
0
0
0
0
0
0
0
0
0
0
3f800000
c000
bf800000
c000
0
0
3f7ff79e
d00c000
3f781521
6a008000
0
0
0
0
0
0
0
0
0
0
0
0
0
0
0
0
0
0
0
0
0
0
0
0
0
0
0
0
3f800000
c000
bf800000
c000
0
0
3f781521
6a008000
0
0
0
0
0
0
0
0
0
0
0
0
0
0
0
0
0
0
0
0
0
0
0
0
0
0
0
0
0
0
0
0
3f800000
c000
bf800000
c000
0
0
3f781521
6a008000
0
0
0
0
0
0
0
0
0
0
0
0
0
0
0
0
0
0
0
0
0
0
0
0
0
0
0
0
0
0
0
0
0
0
3f800000
c000
bf800000
c000
0
0
3f7ff79e
d00c000
3f781521
6a008000
0
0
0
0
0
0
0
0
0
0
0
0
0
0
0
0
0
0
0
0
0
0
0
0
0
0
0
0
3f781521
6a004000
0
0
bf800000
10000
3f7ff79e
d010000
0
0
3f781521
6a004000
0
0
0
0
0
0
0
0
0
0
0
0
0
0
0
0
0
0
0
0
0
0
0
0
0
0
0
0
0
0
bf800000
10000
0
0
3f781521
6a004000
0
0
0
0
0
0
0
0
0
0
0
0
0
0
0
0
0
0
0
0
0
0
0
0
0
0
0
0
0
0
0
0
bf800000
10000
3f781521
6a000000
0
0
3f7ff79e
d010000
bf7ff79e
d010000
3f781521
6a000000
0
0
0
0
0
0
0
0
0
0
0
0
0
0
0
0
0
0
0
0
0
0
0
0
0
0
0
0
0
0
bf800000
a00000
0
0
bf800000
a00000
3f800000
10000
3f800000
c000
3f7ff79e
d010000
0
0
0
0
0
0
0
0
0
0
0
0
0
0
0
0
0
0
0
0
0
0
0
0
0
0
3f781521
6a008000
3cfd57a7
36010000
b7b51a0d
49a00000
bf7ff79e
d00c000
bf7ff79e
d010000
3b360865
b1a00000
3f781521
6a008000
3cfd57a7
36010000
b7b51a0d
49a00000
bf800000
c000
bf800000
10000
0
0
0
0
0
0
0
0
0
0
0
0
0
0
0
0
0
0
0
0
3f800000
10000
bf800000
10000
3f781521
6a000000
0
0
3f781521
6a000000
0
0
0
0
0
0
0
0
0
0
0
0
0
0
0
0
0
0
0
0
0
0
0
0
0
0
0
0
0
0
3f781521
6a008000
3cfd57a7
36010000
b7b51a0d
49a00000
bf7ff79e
d00c000
bf7ff79e
d010000
bab60865
b1a00000
3f781521
6a008000
3cfd57a7
36010000
b7b51a0d
49a00000
bf800000
c000
bf800000
10000
0
0
0
0
0
0
0
0
0
0
0
0
0
0
0
0
0
0
0
0
3f781521
6a008000
3cfd57a7
36010000
b8351a0d
49a00000
bf7ff79e
d00c000
bf7ff79e
d010000
3ab60865
b1a00000
3f781521
6a008000
3cfd57a7
36010000
b8351a0d
49a00000
bf800000
c000
bf800000
10000
0
0
0
0
0
0
0
0
0
0
0
0
0
0
0
0
0
0
0
0
0
0
bf800000
10000
0
0
3f781521
6a004000
0
0
0
0
0
0
0
0
0
0
0
0
0
0
0
0
0
0
0
0
0
0
0
0
0
0
0
0
0
0
0
0
3f781521
6a004000
0
0
bf800000
10000
3f7ff79e
d010000
0
0
3f781521
6a004000
0
0
0
0
0
0
0
0
0
0
0
0
0
0
0
0
0
0
0
0
0
0
0
0
0
0
0
0
3f800000
10000
bf800000
10000
3f781521
6a000000
0
0
3f781521
6a000000
0
0
0
0
0
0
0
0
0
0
0
0
0
0
0
0
0
0
0
0
0
0
0
0
0
0
0
0
0
0
3f781521
6a008000
3cfd57a7
36010000
38351a0d
49a00000
bf7ff79e
d00c000
bf7ff79e
d010000
bab60865
b1a00000
3f781521
6a008000
3cfd57a7
36010000
38351a0d
49a00000
bf800000
c000
bf800000
10000
0
0
0
0
0
0
0
0
0
0
0
0
0
0
0
0
0
0
0
0
3f781521
6a008000
3cfd57a7
36010000
37b51a0d
49a00000
bf7ff79e
d00c000
bf7ff79e
d010000
3ab60865
b1a00000
3f781521
6a008000
3cfd57a7
36010000
37b51a0d
49a00000
bf800000
c000
bf800000
10000
0
0
0
0
0
0
0
0
0
0
0
0
0
0
0
0
0
0
0
0
bf800000
10000
3f781521
6a000000
0
0
3f7ff79e
d010000
bf7ff79e
d010000
3f781521
6a000000
0
0
0
0
0
0
0
0
0
0
0
0
0
0
0
0
0
0
0
0
0
0
0
0
0
0
0
0
3f781521
6a008000
3cfd57a7
36010000
37b51a0d
49a00000
bf7ff79e
d00c000
bf7ff79e
d010000
bb360865
b1a00000
3f781521
6a008000
3cfd57a7
36010000
37b51a0d
49a00000
bf800000
c000
bf800000
10000
0
0
0
0
0
0
0
0
0
0
0
0
0
0
0
0
0
0
0
0
bf800000
a00000
0
0
bf800000
a00000
0
0
3f800000
10000
3f800000
c000
3f7ff79e
d010000
0
0
0
0
0
0
0
0
0
0
0
0
0
0
0
0
0
0
0
0
0
0
0
0
0
0
0
0
0
0
0
0
0
0
3f800000
10000
3f800000
c000
3f7ff79e
d010000
0
0
0
0
0
0
0
0
0
0
0
0
0
0
0
0
0
0
0
0
0
0
0
0
0
0
0
0
0
0
0
0
0
0
0
0
0
0
0
0
0
0
0
0
0
0
0
0
0
0
0
0
0
0
0
0
