1651 9 14480 1 1450 a
2790
2760
2742
2757
2780
2823
2877
2888
2852
2852
2885
2932
2968
2966
2959
2932
2887
2827
2816
2830
2864
2897
2934
2976
2918
2947
2988
3023
3055
3068
3062
3008
2956
2907
2872
2897
2922
2959
2995
3015
2989
3002
3036
3064
3100
3129
3106
3057
3003
2946
2894
2923
2960
2984
3016
3050
3015
3032
3065
3090
3136
3150
3129
3069
3003
2956
2973
2935
2955
2995
3023
3051
3004
3017
3059
3082
3107
3122
3103
3064
3002
2950
2935
2971
2944
2980
3010
3029
2981
2973
3002
3030
3060
3045
3055
2990
2956
2924
2913
2905
2900
2932
2972
2977
2924
2892
2934
2960
2963
2953
2946
2942
2876
2867
2853
2862
2856
2878
2917
2904
2856
2805
2830
2857
2856
2858
2848
2850
2807
2803
2800
2800
2800
2813
2844
2801
2760
2716
2703
2713
2712
2713
2724
2724
2691
2697
2704
2708
2721
2720
2730
2684
2645
2610
2565
2557
2606
2584
2593
2604
2619
2593
2613
2621
2638
2641
2563
2545
2511
2501
2472
2378
2398
2417
2440
2460
2443
2451
2469
2498
2522
2479
2417
2378
2365
2334
2276
2217
2215
2248
2275
2296
2285
2296
2323
2349
2351
2304
2243
2211
2199
2165
2117
2070
2034
2070
2099
2130
2126
2129
2170
2211
2172
2123
2080
2038
2039
2005
1966
1922
1927
1893
1936
1962
1969
1970
1993
2025
1992
1960
1918
1887
1892
1880
1833
1796
1772
1729
1786
1802
1818
1865
1860
1839
1806
1781
1758
1737
1745
1728
1706
1681
1660
1659
1622
1642
1668
1694
1673
1643
1628
1608
1589
1579
1594
1591
1580
1566
1546
1526
1474
1494
1534
1559
1501
1454
1451
1441
1431
1426
1459
1470
1468
1461
1454
1411
1360
1361
1402
1409
1361
1313
1289
1291
1288
1291
1342
1372
1375
1367
1355
1316
1271
1249
1295
1291
1239
1206
1164
1174
1186
1207
1258
1305
1288
1314
1269
1237
1275
1166
1208
1191
1151
1127
1082
1071
1080
1130
1184
1244
1276
1254
1231
1185
1155
1124
1163
1140
1108
1079
1041
1003
1032
1056
1146
1201
1252
1218
1199
1162
1127
1096
1140
1110
1083
1057
1020
991
1012
1072
1132
1183
1218
1207
1185
1150
1111
1089
1131
1117
1098
1057
1025
1027
1037
1081
1146
1196
1215
1221
1198
1164
1137
1097
1152
1167
1134
1098
1076
1095
1099
1120
1183
1223
1229
1236
1238
1178
1168
1152
1225
1245
1206
1169
1163
1167
1184
1184
1237
1263
1278
1275
1280
1253
1215
1233
1299
1330
1302
1273
1276
1283
1295
1285
1320
1340
1339
1338
1340
1328
1288
1330
1371
1416
1414
1409
1403
1401
1395
1391
1423
1427
1416
1416
1401
1372
1410
1448
1480
1508
1561
1560
1555
1531
1534
1519
1543
1534
1521
1515
1494
1482
1555
1581
1606
1637
1693
1746
1725
1706
1686
1666
1681
1671
1651
1627
1598
1642
1704
1736
1765
1790
1848
1907
1906
1882
1850
1824
1840
1820
1799
1764
1764
1815
1869
1916
1918
2006
2003
2046
2088
2059
2006
1980
1995
1988
1947
1912
1946
1981
2035
2081
2075
2105
2148
2194
2248
2221
2174
2154
2153
2139
2107
2089
2128
2161
2198
2225
2225
2249
2285
2317
2343
2375
2326
2312
2299
2291
2260
2284
2306
2329
2357
2381
2375
2387
2416
2436
2460
2480
2495
2476
2449
2423
2437
2477
2482
2507
2522
2536
2520
2513
2529
2554
2567
2596
2637
2626
2583
2555
2607
2656
2674
2675
2646
2682
2647
2646
2688
2655
2657
2709
2753
2754
2709
2704
2744
2795
2825
2823
2824
2816
2778
2746
2743
2743
2768
2813
2849
2868
2829
2833
2872
2902
2953
2953
2943
2917
2866
2817
2814
2813
2852
2883
2928
2964
2907
2938
2961
3004
3036
3045
3047
2997
2943
2889
2860
2866
2899
2940
2961
3003
2957
2982
3012
3047
3085
3112
3089
3032
2975
2927
2871
2887
2924
2966
2994
3025
2993
3000
3036
3102
3096
3122
3103
3045
2990
2933
2902
2911
2942
2970
3000
3032
2992
2994
3030
3062
3089
3095
3084
3036
2974
2922
2913
2900
2928
2956
2983
3017
2959
2946
2982
3020
3041
3037
3029
2996
2943
2903
2895
2903
2881
2917
2945
2963
2914
2890
2922
2957
2962
2943
2944
2930
2882
2856
2851
2843
2840
2862
2903
2903
2844
2785
2827
2852
2849
2850
2847
2840
2806
2797
2796
2792
2810
2802
2846
2803
2764
2722
2711
2729
2748
2736
2740
2739
2714
2713
2713
2724
2735
2738
2734
2690
2655
2626
2571
2568
2599
2595
2604
2607
2596
2602
2613
2624
2655
2653
2577
2548
2520
2488
2428
2376
2406
2421
2445
2461
2442
2453
2478
2499
2525
2479
2419
2385
2358
2338
2277
2225
2225
2246
2284
2300
2291
2296
2330
2357
2355
2302
2246
2210
2190
2170
2118
2067
2026
2072
2107
2132
2124
2123
2164
2209
2173
2093
2083
2042
2044
2016
1969
1926
1864
1902
1947
1958
1969
1967
2010
2042
1994
1962
1924
1888
1898
1866
1836
1802
1769
1744
1798
1805
1823
1926
1863
1839
1802
1786
1758
1737
1745
1728
1704
1678
1657
1637
1626
1646
1669
1689
1676
1643
1625
1614
1592
1573
1592
1581
1569
1556
1544
1518
1459
1490
1521
1556
1503
1458
1433
1433
1430
1424
1444
1460
1445
1448
1439
1397
1353
1344
1389
1399
1355
1302
1280
1274
1266
1278
1316
1351
1351
1344
1328
1285
1249
1227
1266
1270
1227
1188
1155
1157
1160
1191
1237
1278
1288
1285
1250
1209
1174
1134
1190
1182
1141
1104
1068
1052
1061
1111
1169
1219
1248
1238
1228
1167
1135
1109
1138
1121
1084
1050
1017
993
1014
1066
1129
1180
1228
1200
1157
1138
1110
1074
1112
1095
1064
1027
1006
970
997
1061
1103
1172
1201
1185
1159
1127
1103
1095
1112
1102
1071
1054
1011
996
1016
1062
1122
1183
1185
1199
1177
1142
1115
1079
1129
1142
1105
1075
1045
1059
1061
1102
1109
1194
1201
1224
1188
1178
1146
1129
1138
1219
1177
1144
1142
1147
1163
1166
1224
1237
1244
1242
1260
1228
1190
1207
1256
1304
1276
1244
1251
1252
1258
1267
1302
1310
1313
1312
1325
1303
1261
1307
1347
1391
1391
1376
1376
1364
1368
1363
1393
1394
1391
1386
1380
1372
1377
1417
1456
1506
1529
1536
1522
1513
1509
1493
1518
1510
1494
1482
1465
1459
1527
1553
1575
1603
1668
1714
1696
1674
1657
1638
1658
1653
1623
1610
1579
1633
1679
1712
1733
1763
1824
1884
1883
1851
1826
1792
1813
1804
1775
1739
1740
1792
1844
1883
1897
1926
1980
2028
2070
2030
2001
1968
1969
1971
1930
1891
1929
1973
2017
2062
2060
2104
2131
2174
2217
2196
2157
2138
2134
2131
2092
2065
2103
2137
2173
2218
2198
2230
2260
2292
2315
2357
2300
2286
2272
2270
2228
2249
2281
2298
2330
2352
2347
2359
2384
2410
2427
2456
2467
2435
2411
2389
2439
2434
2458
2468
2489
2499
2480
2494
2515
2522
2534
2560
2610
2572
2548
2512
2564
2612
2620
2633
2638
2644
2615
2614
2614
2607
2626
2672
2624
2724
2680
2671
2716
2752
2787
2788
2788
2788
2780
2717
2716
2715
2733
2777
2821
2846
2805
2802
2844
2887
2930
2919
2916
2889
2833
2787
2780
2781
2824
2856
2888
2931
2880
2899
2924
2967
2999
3016
3008
2961
2910
2859
2825
2870
2871
2897
2940
3005
2931
2957
2994
3018
3057
3090
3065
3013
2957
2908
2850
2880
2916
2943
2972
3000
2965
2987
3015
3047
3077
3110
3093
3031
2984
2914
2883
2891
2919
2953
2982
3013
2971
2981
3015
3052
3077
3087
3063
3020
2957
2903
2894
2878
2906
2940
2967
2996
2947
2945
2976
3012
3037
3029
3017
2981
2793
2885
2877
2855
2863
2902
2938
2939
2897
2866
2901
2933
2931
2929
2924
2911
2843
2838
2830
2820
2860
2846
2883
2874
2830
2777
2810
2839
2839
2831
2830
2825
2771
2774
2772
2772
2769
2781
2824
2787
2745
2699
2702
2712
2721
2721
2725
2719
2696
2695
2699
2713
2711
2727
2713
2673
2647
2603
2558
2545
2576
2587
2589
2602
2568
2590
2599
2612
2619
2639
2571
2547
2517
2486
2436
2387
2403
2417
2437
2461
2446
2453
2481
2495
2517
2481
2410
2384
2364
2334
2281
2213
2220
2247
2277
2299
2288
2274
2326
2356
2368
2381
2258
2216
2210
2176
2125
2070
2048
2091
2116
2149
2143
2142
2181
2208
2187
2145
2100
2053
2050
2022
1980
1935
1894
1914
1950
1971
1973
1986
2028
2049
2018
1969
1933
1902
1897
1874
1825
1810
1780
1754
1801
1810
1829
1848
1867
1860
1824
1798
1772
1741
1751
1722
1709
1690
1661
1628
1630
1661
1677
1701
1682
1654
1642
1618
1603
1585
1602
1597
1584
1580
1560
1532
1495
1504
1535
1566
1529
1475
1466
1453
1446
1426
1469
1472
1470
1456
1455
1405
1384
1358
1389
1414
1362
1319
1293
1295
1294
1299
1335
1364
1364
1362
1344
1302
1257
1231
1278
1268
1233
1194
1154
1162
1165
1189
1233
1276
1293
1292
1254
1222
1185
1145
1198
1184
1142
1098
1082
1062
1074
1120
1173
1221
1250
1240
1203
1169
1137
1106
1143
1128
1098
1063
1023
996
1020
1089
1132
1197
1237
1206
1176
1150
1114
1083
1127
1102
1068
1040
1010
982
1004
1051
1119
1177
1206
1195
1164
1137
1109
1074
1108
1104
1073
1037
1002
995
1015
1062
1128
1176
1187
1211
1177
1144
1118
1083
1137
1142
1104
1075
1045
1055
1064
1103
1161
1193
1207
1214
1216
1179
1145
1136
1186
1215
1177
1135
1136
1138
1153
1171
1218
1234
1247
1263
1265
1226
1191
1200
1259
1297
1257
1233
1231
1244
1245
1249
1265
1302
1304
1309
1300
1295
1258
1293
1338
1378
1375
1345
1361
1359
1357
1351
1377
1384
1378
1373
1368
1367
1367
1398
1443
1465
1524
1522
1511
1466
1492
1480
1504
1500
1475
1469
1460
1451
1512
1546
1569
1596
1655
1703
1683
1667
1647
1625
1654
1641
1616
1599
1571
1610
1677
1709
1725
1756
1817
1873
1878
1846
1816
1790
1801
1796
1770
1751
1718
1777
1825
1867
1885
1914
1967
2020
2056
2021
1982
1950
1961
1961
1920
1877
1909
1948
2001
2047
2048
2071
2122
2159
2202
2175
2134
2116
2112
2100
2053
2049
2093
2125
2176
2203
2200
2224
2224
2291
2319
2351
2264
2287
2275
2260
2224
2245
2278
2304
2325
2352
2350
2370
2395
2426
2441
2470
2466
2442
2421
2392
2409
2438
2456
2468
2491
2514
2495
2494
2512
2537
2544
2567
2617
2585
2556
2524
2567
2612
2617
2632
2646
2656
2621
2611
2622
2626
2632
2676
2723
2721
2708
2660
2718
2759
2769
2778
2784
2778
2731
2706
2707
2707
2724
2769
2813
2834
2791
2792
2831
2851
2911
2907
2910
2866
2828
2776
2779
2763
2812
2850
2887
2927
2878
2886
2930
2952
3002
3012
3006
2953
2902
2850
2820
2842
2869
2906
2942
2975
2944
2964
2994
3028
3062
3091
3076
3017
2953
2906
2857
2885
2923
2950
2973
3013
2974
3008
3036
3063
3094
3123
3107
3053
2994
2926
2902
2908
2945
2970
3004
3034
2998
3005
3040
3072
3126
3106
3098
3046
2988
2928
2918
2906
2930
2962
2993
3027
2966
2971
3000
3033
3061
3055
3047
3011
2969
2911
2897
2888
2896
2930
2967
2974
2920
2898
2924
2967
2976
2963
2960
2943
2892
2865
2856
2851
2844
2875
2911
2911
2857
2805
2842
2871
2859
2861
2855
2855
2815
2806
2800
2798
2796
2803
2851
2810
2768
2724
2725
2748
2743
2747
2748
2750
2728
2722
2710
2729
2738
2737
2740
2702
2661
2627
2565
2587
2591
2605
2619
2624
2605
2605
2619
2634
2641
2653
2591
2563
2535
2516
2501
2412
2424
2508
2458
2478
2462
2470
2490
2510
2532
2506
2436
2407
2389
2361
2296
2240
2242
2266
2292
2321
2300
2313
2343
2374
2381
2332
2273
2232
2223
2194
2144
2086
2056
2090
2134
2158
2138
2151
2185
2227
2197
2144
2104
2059
2059
2028
1989
1937
1899
1914
1964
1979
1987
1993
2058
2061
2013
1972
1938
1913
1909
1876
1843
1821
1779
1750
1809
1820
1834
1846
1872
1862
1838
1806
1805
1753
1762
1741
1756
1689
1664
1647
1637
1662
1684
1712
1712
1673
1662
1633
1617
1597
1613
1602
1588
1571
1555
1541
1481
1515
1545
1573
1538
1489
1480
1462
1460
1448
1482
1468
1479
1471
1459
1417
1375
1377
1419
1430
1381
1336
1317
1312
1312
1312
1357
1386
1383
1382
1361
1320
1274
1253
1294
1297
1248
1211
1178
1183
1156
1200
1256
1300
1292
1314
1268
1231
1206
1161
1217
1194
1158
1121
1085
1070
1082
1161
1182
1230
1253
1254
1209
1181
1143
1117
1153
1131
1097
1070
1029
1003
1021
1071
1130
1188
1244
1208
1175
1143
1117
1084
1119
1097
1058
1036
1002
858
988
1050
1113
1171
1209
1189
1167
1124
1097
1069
1102
1098
1079
1042
852
1002
1011
1058
1119
1172
1193
1204
1176
1146
1114
1085
1135
1147
1111
1078
1046
1054
1071
1104
1161
1195
1218
1219
1207
1185
1152
1129
1187
1212
1174
1137
1113
1144
1145
1168
1314
1246
1246
1261
1269
1233
1190
1203
1236
1305
1256
1224
1234
1237
1241
1244
1288
1302
1309
1306
1310
1293
1249
1290
1333
1374
1370
1354
1351
1355
1348
1346
1378
1374
1375
1376
1368
1377
1347
1391
1431
1473
1513
1503
1494
1486
1479
1467
1491
1486
1475
1462
1444
1438
1503
1529
1555
1586
1642
1679
1662
1637
1623
1607
1634
1611
1602
1579
1569
1573
1643
1677
1697
1727
1783
1852
1841
1849
1793
1760
1782
1777
1751
1713
1701
1760
1809
1849
1866
1889
1947
1998
2039
2002
1957
1938
1937
1939
1881
1865
1887
1936
1957
2026
2029
2060
2098
2149
2193
2172
2128
2106
2095
2100
2060
2048
2074
2118
2160
2194
2189
2221
2252
2291
2321
2339
2291
2289
2262
2253
2211
2230
2261
2286
2319
2338
2334
2351
2381
2417
2430
2457
2444
2426
2402
2380
2385
2413
2425
2451
2469
2489
2467
2480
2500
2521
2536
2555
2591
2570
2542
2506
2546
2596
2610
2619
2624
2646
2605
2597
2614
2593
2625
2670
2718
2702
2669
2651
2701
2773
2766
2761
2775
2771
2728
2700
2711
2707
2725
2766
2813
2823
2790
2784
2826
2866
2899
2903
2897
2877
2830
2782
2778
2773
2820
2848
2883
2925
2881
2901
2919
2970
3033
3015
3012
2962
2914
2855
2808
2838
2876
2909
2940
2975
2940
2953
2992
3021
3058
3089
3069
3007
2959
2907
2854
2883
2916
2950
2980
3013
2978
2983
3018
3055
3079
3114
3095
3042
2981
2923
2883
2900
2932
2962
2999
3020
2955
2996
3021
3057
3080
3104
3092
3038
2971
2916
2903
2898
2928
2961
2990
3019
2969
2969
3001
3035
3063
3058
3043
3004
2953
2913
2900
2893
2894
2926
2961
2982
2925
2908
2940
3005
2987
2980
2966
2953
2902
2880
2865
2855
2855
2890
2930
2918
2868
2818
2863
2893
2882
2881
2882
2875
2832
2813
2817
2813
2808
2827
2864
2830
2778
2755
2745
2761
2763
2755
2767
2773
2735
2741
2734
2742
2746
2756
2755
2714
2679
2602
2600
2611
2615
2626
2635
2639
2617
2624
2636
2648
2658
2667
2611
2578
2550
2520
2468
2432
2444
2469
2483
2502
2484
2493
2502
2534
2552
2527
2462
2425
2402
2383
2321
2255
2265
2292
2316
2341
2327
2341
2368
2400
2409
2356
2293
2256
2243
2205
2156
2100
2077
2102
2140
2158
2178
2165
2196
2231
2211
2152
2110
2071
2066
2047
2002
1953
1907
1936
1967
2003
2013
2005
2039
2083
2040
2004
1975
1929
1936
1903
1860
1833
1801
1786
1841
1853
1860
1879
1915
1897
1867
1842
1816
1789
1790
1755
1745
1720
1691
1591
1678
1697
1717
1739
1741
1709
1691
1672
1651
1631
1655
1639
1627
1613
1597
1570
1519
1544
1584
1610
1567
1530
1516
1510
1489
1487
1512
1517
1500
1500
1480
1451
1399
1409
1450
1464
1422
1369
1346
1348
1343
1347
1386
1412
1405
1397
1390
1337
1301
1278
1331
1326
1285
1259
1210
1211
1212
1233
1283
1320
1328
1329
1297
1266
1219
1190
1239
1223
1186
1151
1102
1102
1109
1156
1200
1254
1315
1271
1235
1200
1161
1135
1180
1153
1113
1085
1048
1023
1038
1096
1146
1212
1260
1229
1194
1165
1134
1105
1137
1113
1082
1048
1019
992
1010
1062
1124
1188
1216
1198
1166
1139
1109
1086
1120
1108
1074
1048
1011
1001
1015
1073
1121
1177
1204
1211
1188
1147
1120
1086
1223
1137
1107
1072
1046
1050
1057
1099
1153
1200
1195
1215
1217
1180
1142
1126
1178
1200
1165
1130
1119
1136
1138
1161
1210
1238
1244
1248
1260
1232
1190
1184
1233
1280
1245
1192
1215
1224
1233
1227
1283
1288
1292
1296
1220
1284
1240
1275
1322
1360
1356
1345
1339
1342
1344
1341
1372
1373
1358
1369
1370
1359
1364
1396
1421
1469
1509
1504
1498
1477
1481
1474
1493
1528
1478
1467
1457
1495
1506
1537
1570
1590
1651
1687
1673
1660
1643
1620
1643
1640
1612
1593
1567
1594
1661
1691
1718
1739
1808
1866
1850
1832
1808
1782
1799
1788
1768
1733
1717
1769
1705
1868
1880
1911
1963
2016
2047
2013
1974
1954
1965
1950
1906
1878
1905
1960
2001
2049
2050
2091
2123
2169
2213
2182
2138
2118
2117
2115
2067
2053
2095
2120
2175
2201
2203
2224
2277
2303
2343
2354
2302
2289
2273
2262
2246
2239
2265
2295
2338
2346
2346
2370
2398
2418
2445
2473
2451
2432
2411
2394
2391
2425
2439
2459
2480
2498
2486
2494
2510
2520
2545
2563
2612
2629
2550
2518
2554
2594
2613
2620
2633
2658
2618
2611
2625
2631
2646
2680
2733
2725
2681
2675
2715
2762
2777
2784
2790
2788
2747
2723
2721
2727
2737
2783
2830
2846
2796
2804
2844
2887
2923
2920
2916
2895
2842
2800
2793
2801
2831
2874
2902
2938
2894
2914
2947
2988
3014
3026
3023
2982
2928
2873
2851
2866
2894
2933
2963
2994
2949
2981
3011
3047
3090
3110
3094
3039
2970
2932
2888
2912
2872
2974
3009
3037
2999
3019
3051
3082
3115
3143
3134
3060
3002
2945
2917
2928
2955
2993
3016
3053
3011
3027
3056
3088
3115
3137
3120
3065
3003
2954
2931
2921
2954
2987
3014
3041
2997
2989
3030
3058
3086
3076
3062
3028
2976
2936
2929
2915
2927
2953
2991
3006
2944
2915
2964
3002
3015
3007
2995
2975
2926
2900
2891
2883
2881
2908
2946
2949
2893
2846
2888
2921
2915
2898
2907
2899
2852
2813
2836
2831
2831
2845
2888
2849
2814
2763
2773
2794
2796
2794
2803
2797
2765
2764
2773
2767
2778
2776
2788
2748
2710
2669
2636
2642
2646
2653
2668
2670
2640
2658
2656
2671
2688
2693
2635
2604
2572
2538
2488
2460
2466
2489
2509
2531
2513
2517
2539
2554
2574
2555
2488
2456
2439
2403
2344
2284
2297
2326
2349
2376
2359
2361
2388
2427
2446
2394
2317
2294
2315
2252
2188
2137
2116
2144
2227
2207
2198
2204
2236
2272
2250
2209
2165
2118
2117
2097
2038
1988
1948
1976
2019
2042
2043
2052
2084
2103
2070
2021
1991
1951
1958
1926
1892
1859
1821
1797
1855
1880
1877
1902
1926
1909
1886
1859
1824
1801
1802
1785
1750
1727
1697
1681
1689
1709
1729
1753
1776
1734
1712
1692
1671
1677
1697
1709
1703
1689
1665
1640
1627
1652
1687
1695
1700
1668
1659
1650
1617
1651
1687
1717
1708
1659
1688
1656
1628
1663
1696
1736
1718
1660
1651
1652
1641
1661
1704
1734
1739
1739
1732
1691
1645
1678
1728
1755
1699
1677
1664
1661
1665
1689
1731
1783
1779
1793
1773
1731
1694
1693
1739
1770
1726
1689
1638
1663
1678
1712
1763
1810
1829
1828
1799
1772
1731
1713
1764
1769
1737
1700
1666
1653
1671
1739
1783
1834
1866
1863
1824
1793
1761
1734
1773
1777
1745
1713
1681
1593
1669
1730
1803
1843
1905
1870
1798
1810
1781
1747
1802
1786
1758
1724
1689
1668
1683
1748
1808
1863
1898
1891
1858
1827
1793
1767
1810
1807
1776
1740
1710
1701
1710
1765
1821
1866
1887
1898
1858
1823
1787
1764
1815
1830
1788
1758
1727
1732
1740
1776
1826
1864
1878
1878
1863
1829
1783
1782
1836
1861
1818
1781
1776
1781
1778
1803
1844
1871
1880
1875
1880
1850
1802
1810
1856
1897
1875
1840
1840
1850
1836
1841
1873
1919
1885
1883
1875
1867
1819
1862
1894
1940
1935
1909
1907
1903
1888
1881
1911
1909
1901
1888
1885
1867
1863
1900
1928
1959
1996
1995
1977
1962
1946
1930
1941
1937
1919
1904
1882
1874
1918
1945
1965
1991
2044
2064
2051
2024
2000
1975
1986
1967
1947
1926
1887
1908
1975
1991
2005
2035
2076
2138
2101
2061
2034
2005
2021
2000
1968
1927
1916
1961
1994
2041
2042
2060
2092
2153
2172
2129
2098
2056
2061
2051
2010
1958
1982
2025
2064
2100
2094
2112
2149
2187
2221
2195
2141
2114
2110
2092
2040
2037
2067
2096
2128
2155
2140
2152
2183
2204
2236
2253
2198
2180
2158
2152
2108
2113
2137
2158
2175
2194
2172
2187
2209
2225
2239
2254
2256
2222
2198
2165
2172
2193
2203
2217
2230
2240
2216
2216
2223
2235
2243
2264
2305
2267
2231
2196
2231
2263
2274
2291
2285
2300
2246
2234
2235
2326
2239
2288
2325
2315
2271
2239
2282
2329
2343
2336
2329
2319
2277
2258
2238
2233
2251
2292
2336
2340
2304
2286
2327
2363
2290
2390
2365
2353
2302
2247
2240
2233
2270
2302
2325
2368
2320
2323
2356
2385
2426
2431
2424
2378
2322
2262
2234
2239
2278
2305
2339
2367
2327
2337
2369
2392
2429
2461
2439
2393
2320
2270
2210
2243
2278
2308
2331
2365
2321
2332
2366
2396
2432
2459
2435
2376
2321
2264
2224
2239
2277
2303
2338
2363
2320
2317
2358
2386
2410
2435
2421
2365
2304
2253
2244
2237
2267
2291
2332
2363
2302
2272
2337
2369
2404
2332
2384
2356
2300
2265
2250
2250
2262
2287
2331
2347
2291
2262
2309
2347
2357
2352
2347
2334
2273
2262
2263
2254
2253
2293
2334
2320
2271
2230
2259
2293
2290
2291
2287
2294
2251
2240
2243
2249
2256
2271
2314
2276
2229
2203
2196
2215
2225
2228
2244
2251
2224
2219
2230
2236
2251
2264
2273
2234
2206
2174
2139
2146
2164
2177
2202
2199
2190
2197
2214
2231
2253
2271
2210
2188
2171
2146
2131
2056
2087
2100
2137
2150
2138
2157
2177
2204
2233
2209
2133
2128
2111
2093
2041
1984
2010
2048
2077
2107
2109
2111
2144
2182
2200
2146
2101
2073
2067
2050
1996
1951
1938
1978
2020
2052
2052
2056
2107
2150
2134
2092
2058
2026
2030
2008
1968
1929
1897
1923
1986
2002
2009
2020
1857
2092
2049
2027
1993
1968
1986
1965
1940
1908
1874
1869
1919
1942
1965
1980
2016
2010
1992
1973
1947
1866
1929
1941
1918
1896
1883
1865
1870
1893
1931
1961
1961
1931
1919
1909
1895
1888
1912
1913
1897
1893
1883
1863
1811
1861
1886
1928
1899
1868
1862
1855
1856
1845
1882
1901
1893
1890
1887
1852
1808
1823
1863
1902
1863
1812
1802
1802
1805
1812
1858
1884
1894
1901
1881
1841
1799
1798
1835
1849
1807
1774
1737
1742
1753
1776
1830
1876
1892
1899
1853
1823
1784
1762
1822
1806
1766
1737
1684
1695
1702
1748
1807
1866
1887
1885
1858
1818
1785
1752
1801
1793
1761
1723
1694
1665
1690
1743
1804
1855
1913
1883
1853
1819
1790
1760
1811
1790
1760
1736
1700
1665
1692
1753
1801
1856
1902
1884
1858
1826
1792
1763
1806
1800
1769
1739
1703
1693
1705
1756
1808
1869
1882
1886
1849
1823
1790
1758
1805
1818
1779
1747
1718
1726
1593
1765
1813
1836
1864
1908
1853
1808
1785
1767
1816
1903
1809
1773
1761
1759
1771
1786
1829
1858
1861
1865
1869
1821
1791
1798
1852
1889
1859
1825
1824
1823
1822
1822
1865
1876
1873
1871
1863
1845
1801
1835
1876
1913
1902
1887
1868
1874
1868
1854
1894
1892
1878
1875
1862
1852
1846
1882
1914
1946
1980
1967
1958
1948
1928
1906
1934
1931
1909
1894
1875
1849
1905
1939
1958
1977
2273
2048
2038
2014
1982
1960
1990
1968
1937
1915
1896
1909
1939
1993
2007
2021
2074
2127
2093
2063
2044
2001
2007
2000
1957
1931
1906
1959
2006
2030
2042
2056
2104
2149
2170
2127
2084
2054
2056
2053
1999
1946
1979
2018
2057
2096
2088
2115
2154
2182
2223
2191
2146
2120
2105
2091
2045
2020
2051
2082
2111
2146
2134
2154
2180
2210
2242
2250
2189
2173
2154
2135
2107
2103
2126
2153
2173
2190
2168
2181
2211
2212
2241
2263
2246
2239
2192
2162
2155
2212
2194
2208
2219
2205
2203
2203
2216
2228
2235
2248
2295
2253
2222
2189
2215
2253
2256
2261
2267
2275
2240
2227
2230
2229
2233
2270
2329
2299
2258
2227
2273
2315
2323
2321
2322
2314
2275
2242
2238
2231
2244
2282
2325
2332
2279
2275
2311
2353
2379
2378
2368
2332
2291
2230
2232
2220
2262
2297
2329
2355
2301
2296
2345
2376
2402
2412
2404
2360
2312
2250
2223
2236
2275
2302
2324
2368
2326
2331
2370
2396
2449
2460
2429
2377
2325
2256
2206
2237
2270
2301
2328
2365
2329
2339
2363
2390
2424
2459
2429
2375
2319
2246
2223
2235
2265
2282
2328
2374
2315
2319
2354
2388
2419
2435
2417
2357
2310
2253
2240
2230
2265
2300
2337
2365
2310
2305
2338
2373
2406
2400
2392
2358
2304
2260
2256
2243
2266
2298
2338
2351
2296
2274
2316
2403
2355
2356
2350
2335
2289
2263
2261
2253
2258
2292
2329
2328
2280
2234
2264
2299
2300
2298
2299
2310
2256
2254
2254
2253
2254
2272
2328
2289
2243
2205
2207
2229
2239
2242
2225
2257
2222
2226
2215
2245
2254
2267
2285
2240
2213
2180
2152
2153
2172
2180
2201
2207
2190
2198
2211
2230
2254
2265
2221
2197
2170
2151
2098
2075
2097
2115
2146
2164
2159
2162
2193
2219
2149
2219
2162
2121
2124
2109
2057
2000
2032
2060
2100
2128
2114
2144
2171
2202
2217
2174
2120
2096
2091
2068
2033
2091
1974
2013
2066
2091
2086
2096
2132
2183
2163
2122
2084
2044
2056
2036
1998
1969
1921
1951
2004
1915
2039
2050
2094
2107
2083
2050
2020
1999
2004
1993
1958
1931
1907
1893
1951
1952
1984
2006
2039
2039
2018
1993
1972
1949
1965
1955
1930
1915
1907
1880
1904
1927
1945
1977
1993
1961
1950
1931
1909
1906
1938
1932
1922
1911
1900
1886
1848
1878
1918
1957
1928
1890
1887
1888
1878
1867
1907
1920
1918
1914
1907
1879
1830
1849
1891
1933
1881
1843
1833
1824
1831
1853
1861
1915
1916
1920
1883
1866
1818
1812
1801
1871
1827
1789
1768
1770
1774
1803
1858
1897
1902
1922
1886
1847
1806
1777
1832
1825
1788
1753
1722
1712
1724
1781
1826
1882
1910
1893
1861
1831
1799
1777
1820
1802
1777
1746
1716
1679
1710
1764
1824
1877
1929
1904
1870
1842
1814
1774
1820
1811
1778
1748
1716
1683
1710
1770
1819
1884
1926
1906
1881
1848
1807
1779
1833
1817
1788
1756
1712
1708
1718
1769
1829
1888
1901
1900
1872
1867
1808
1782
1830
1828
1801
1765
1720
1746
1749
1782
1876
1874
1883
1896
1872
1840
1808
1788
1839
1862
1827
1784
1769
1778
1775
1819
1849
1871
1871
1882
1882
1839
1799
1807
1862
1897
1865
1829
1827
1829
1829
1827
1875
1887
1887
1881
1908
1857
1808
1845
1884
1923
1925
1896
1886
1880
1877
1863
1900
1896
1883
1885
1873
1864
1848
1884
1916
1948
1988
1971
1955
1940
1922
1909
1933
1926
1870
1893
1869
1855
1910
1936
1961
1981
2033
2057
2033
2011
1991
1973
1969
1960
1945
1915
1893
1909
1968
1994
2006
2021
2076
2132
2097
2064
2025
1999
2015
1997
1966
1929
1908
1952
2006
2042
2045
2054
2105
2168
2169
2130
2082
2055
2057
2048
2007
1963
1981
2028
2065
2098
2097
2106
2156
2194
2231
2194
2146
2124
2108
2099
2055
2021
2058
2093
2124
2144
2138
2162
2187
2224
2244
2262
2198
2180
2158
2137
2107
2111
2127
2148
2168
2182
2177
2186
2202
2223
2246
2258
2241
2222
2189
2283
2147
2178
2195
2209
2217
2232
2213
2207
2219
2233
2240
2263
2291
2264
2236
2191
2201
2255
2260
2267
2269
2268
2241
2232
2232
2238
2238
2274
2320
2295
2255
2224
2269
2308
2323
2320
2321
2309
2271
2241
2238
2240
2248
2280
2322
2340
2293
2277
2315
2355
2372
2381
2344
2350
2291
2249
2236
2236
2318
2302
2341
2370
2313
2311
2352
2385
2426
2425
2421
2372
2322
2262
2242
2249
2278
2313
2347
2383
2333
2344
2374
2411
2439
2472
2445
2385
2336
2283
2231
2261
2290
2329
2350
2375
2338
2354
2379
2411
2443
2478
2452
2389
2330
2281
2240
2254
2280
2316
2346
2375
2330
2336
2374
2400
2437
2447
2446
2384
2320
2273
2252
2245
2278
2313
2340
2381
2328
2303
2354
2385
2421
2416
2409
2386
2317
2243
2264
2258
2277
2339
2337
2356
2314
2284
2329
2363
2380
2366
2370
2340
2294
2274
2258
2267
2262
2302
2344
2328
2283
2243
2258
2318
2317
2314
2373
2317
2271
2267
2264
2263
2267
2293
2342
2299
2252
2223
2225
2240
2247
2259
2263
2270
2239
2238
2246
2256
2264
2297
2287
2270
2222
2186
2153
2161
2179
2184
2207
2225
2196
2207
2219
2245
2263
2278
2232
2206
2172
2160
2108
2084
2125
2130
2150
2176
2162
2171
2200
2228
2242
2236
2170
2155
2135
2121
2068
2007
2047
2077
2112
2138
2132
2143
2173
2209
2239
2185
2137
2078
2101
2084
2038
2004
1989
2022
2068
2099
2097
2108
2151
2192
2176
2136
2093
2060
2061
2038
2006
1971
1932
1964
2011
2041
2052
2056
2101
2122
2089
2062
2037
1996
2012
1999
1966
1939
1917
1903
1961
1977
1996
2018
2049
2048
2030
2000
1981
1958
1977
1965
1946
1926
1905
1896
1908
1945
1963
1988
1997
1982
1955
1950
1932
1909
1944
1937
1924
1913
1907
1883
1849
1891
1918
1960
1937
1899
1880
1885
1881
1871
1900
1918
1920
1910
1910
1876
1815
1852
1896
1938
1892
1841
1835
1838
1837
1845
1896
1918
1915
1924
1912
1871
1832
1825
1869
1884
1839
1794
1774
1778
1889
1803
1864
1904
1915
1917
1894
1849
1817
1785
1843
1840
1800
1769
1731
1730
1747
1782
1834
1892
1914
1903
1875
1837
1799
1775
1825
1808
1774
1744
1709
1686
1714
1761
1812
1884
1924
1897
1867
1840
1804
1782
1818
1778
1770
1741
1705
1647
1702
1750
1817
1874
1911
1891
1866
1845
1802
1770
1819
1806
1778
1745
1712
1693
1705
1759
1827
1877
1895
1898
1868
1833
1797
1766
1817
1828
1799
1762
1723
1733
1749
1777
1828
1878
1886
1895
1869
1837
1794
1787
1842
1863
1824
1787
1774
1774
1783
1812
1851
1872
1884
1889
1887
1848
1807
1809
1859
1905
1872
1830
1829
1829
1832
1832
1877
1889
1885
1888
1880
1862
1827
1856
1886
1928
1819
1894
1881
1885
1849
1872
1895
1905
1883
1890
1883
1874
1846
1886
