1651 9 15900 1 1450 10
6.19993305
6.19993305
6.19993305
6.19993305
6.19993305
6.19993305
6.19993305
6.19993305
0.0015707016
0.0015707016
0.0015707016
0.0015707016
0.0015707016
0.0015707016
0.0015707016
0.0015707016
0.0863933563
0.0863933563
0.0863933563
0.0863933563
0.0863933563
0.0863933563
0.0863933563
0.0863933563
0.171216011
0.171216011
0.171216011
0.171216011
0.171216011
0.171216011
0.171216011
0.171216011
0.256039619
0.256039619
0.256039619
0.256039619
0.256039619
0.256039619
0.256039619
0.256039619
0.340862274
0.340862274
0.340862274
0.340862274
0.340862274
0.340862274
0.340862274
0.340862274
0.425685883
0.425685883
0.425685883
0.425685883
0.425685883
0.425685883
0.425685883
0.425685883
0.510508537
0.510508537
0.510508537
0.510508537
0.510508537
0.510508537
0.510508537
0.510508537
0.595331192
0.595331192
0.595331192
0.595331192
0.595331192
0.595331192
0.595331192
0.595331192
0.6801548
0.6801548
0.6801548
0.6801548
0.6801548
0.6801548
0.6801548
0.6801548
0.764977455
0.764977455
0.764977455
0.764977455
0.764977455
0.764977455
0.764977455
0.764977455
0.84980011
0.84980011
0.84980011
0.84980011
0.84980011
0.84980011
0.84980011
0.84980011
0.934623718
0.934623718
0.934623718
0.934623718
0.934623718
0.934623718
0.934623718
0.934623718
1.01944637
1.01944637
1.01944637
1.01944637
1.01944637
1.01944637
1.01944637
1.01944637
1.10426903
1.10426903
1.10426903
1.10426903
1.10426903
1.10426903
1.10426903
1.10426903
1.18909264
1.18909264
1.18909264
1.18909264
1.18909264
1.18909264
1.18909264
1.18909264
1.26920319
1.26920319
1.26920319
1.26920319
1.26920319
1.26920319
1.26920319
1.26920319
1.35402584
1.35402584
1.35402584
1.35402584
1.35402584
1.35402584
1.35402584
1.35402584
1.43884945
1.43884945
1.43884945
1.43884945
1.43884945
1.43884945
1.43884945
1.43884945
1.5236721
1.5236721
1.5236721
1.5236721
1.5236721
1.5236721
1.5236721
1.5236721
1.60849476
1.60849476
1.60849476
1.60849476
1.60849476
1.60849476
1.60849476
1.60849476
1.69331837
1.69331837
1.69331837
1.69331837
1.69331837
1.69331837
1.69331837
1.69331837
1.77814102
1.77814102
1.77814102
1.77814102
1.77814102
1.77814102
1.77814102
1.77814102
1.86296463
1.86296463
1.86296463
1.86296463
1.86296463
1.86296463
1.86296463
1.86296463
1.94778728
1.94778728
1.94778728
1.94778728
1.94778728
1.94778728
1.94778728
1.94778728
2.03260994
2.03260994
2.03260994
2.03260994
2.03260994
2.03260994
2.03260994
2.03260994
2.11743355
2.11743355
2.11743355
2.11743355
2.11743355
2.11743355
2.11743355
2.11743355
2.2022562
2.2022562
2.2022562
2.2022562
2.2022562
2.2022562
2.2022562
2.2022562
2.28707886
2.28707886
2.28707886
2.28707886
2.28707886
2.28707886
2.28707886
2.28707886
2.37190247
2.37190247
2.37190247
2.37190247
2.37190247
2.37190247
2.37190247
2.37190247
2.45672512
2.45672512
2.45672512
2.45672512
2.45672512
2.45672512
2.45672512
2.45672512
2.54154778
2.54154778
2.54154778
2.54154778
2.54154778
2.54154778
2.54154778
2.54154778
2.62637138
2.62637138
2.62637138
2.62637138
2.62637138
2.62637138
2.62637138
2.62637138
2.71119404
2.71119404
2.71119404
2.71119404
2.71119404
2.71119404
2.71119404
2.71119404
2.79601765
2.79601765
2.79601765
2.79601765
2.79601765
2.79601765
2.79601765
2.79601765
2.8808403
2.8808403
2.8808403
2.8808403
2.8808403
2.8808403
2.8808403
2.8808403
2.96566296
2.96566296
2.96566296
2.96566296
2.96566296
2.96566296
2.96566296
2.96566296
3.05048656
3.05048656
3.05048656
3.05048656
3.05048656
3.05048656
3.05048656
3.05048656
3.13530922
3.13530922
3.13530922
3.13530922
3.13530922
3.13530922
3.13530922
3.13530922
3.22013187
3.22013187
3.22013187
3.22013187
3.22013187
3.22013187
3.22013187
3.22013187
3.30495548
3.30495548
3.30495548
3.30495548
3.30495548
3.30495548
3.30495548
3.30495548
3.38977814
3.38977814
3.38977814
3.38977814
3.38977814
3.38977814
3.38977814
3.38977814
3.47460175
3.47460175
3.47460175
3.47460175
3.47460175
3.47460175
3.47460175
3.47460175
3.55942345
3.55942345
3.55942345
3.55942345
3.55942345
3.55942345
3.55942345
3.55942345
3.64424706
3.64424706
3.64424706
3.64424706
3.64424706
3.64424706
3.64424706
3.64424706
3.72907066
3.72907066
3.72907066
3.72907066
3.72907066
3.72907066
3.72907066
3.72907066
3.81389427
3.81389427
3.81389427
3.81389427
3.81389427
3.81389427
3.81389427
3.81389427
3.89871597
3.89871597
3.89871597
3.89871597
3.89871597
3.89871597
3.89871597
3.89871597
3.97882652
3.97882652
3.97882652
3.97882652
3.97882652
3.97882652
3.97882652
3.97882652
4.06365013
4.06365013
4.06365013
4.06365013
4.06365013
4.06365013
4.06365013
4.06365013
4.14847374
4.14847374
4.14847374
4.14847374
4.14847374
4.14847374
4.14847374
4.14847374
4.23329544
4.23329544
4.23329544
4.23329544
4.23329544
4.23329544
4.23329544
4.23329544
4.31811905
4.31811905
4.31811905
4.31811905
4.31811905
4.31811905
4.31811905
4.31811905
4.40294266
4.40294266
4.40294266
4.40294266
4.40294266
4.40294266
4.40294266
4.40294266
4.48776436
4.48776436
4.48776436
4.48776436
4.48776436
4.48776436
4.48776436
4.48776436
4.57258797
4.57258797
4.57258797
4.57258797
4.57258797
4.57258797
4.57258797
4.57258797
4.65741158
4.65741158
4.65741158
4.65741158
4.65741158
4.65741158
4.65741158
4.65741158
4.74223328
4.74223328
4.74223328
4.74223328
4.74223328
4.74223328
4.74223328
4.74223328
4.82705688
4.82705688
4.82705688
4.82705688
4.82705688
4.82705688
4.82705688
4.82705688
4.91188049
4.91188049
4.91188049
4.91188049
4.91188049
4.91188049
4.91188049
4.91188049
4.99670219
4.99670219
4.99670219
4.99670219
4.99670219
4.99670219
4.99670219
4.99670219
5.0815258
5.0815258
5.0815258
5.0815258
5.0815258
5.0815258
5.0815258
5.0815258
5.16634941
5.16634941
5.16634941
5.16634941
5.16634941
5.16634941
5.16634941
5.16634941
5.25117302
5.25117302
5.25117302
5.25117302
5.25117302
5.25117302
5.25117302
5.25117302
5.33599472
5.33599472
5.33599472
5.33599472
5.33599472
5.33599472
5.33599472
5.33599472
5.42081833
5.42081833
5.42081833
5.42081833
5.42081833
5.42081833
5.42081833
5.42081833
5.50564194
5.50564194
5.50564194
5.50564194
5.50564194
5.50564194
5.50564194
5.50564194
5.59046364
5.59046364
5.59046364
5.59046364
5.59046364
5.59046364
5.59046364
5.59046364
5.67528725
5.67528725
5.67528725
5.67528725
5.67528725
5.67528725
5.67528725
5.67528725
5.76011086
5.76011086
5.76011086
5.76011086
5.76011086
5.76011086
5.76011086
5.76011086
5.84493256
5.84493256
5.84493256
5.84493256
5.84493256
5.84493256
5.84493256
5.84493256
5.92975616
5.92975616
5.92975616
5.92975616
5.92975616
5.92975616
5.92975616
5.92975616
6.01457977
6.01457977
6.01457977
6.01457977
6.01457977
6.01457977
6.01457977
6.01457977
6.09940147
6.09940147
6.09940147
6.09940147
6.09940147
6.09940147
6.09940147
6.09940147
6.18422508
6.18422508
6.18422508
6.18422508
6.18422508
6.18422508
6.18422508
6.18422508
6.26904869
6.26904869
6.26904869
6.26904869
6.26904869
6.26904869
6.26904869
6.26904869
0.0706858411
0.0706858411
0.0706858411
0.0706858411
0.0706858411
0.0706858411
0.0706858411
0.0706858411
0.155508846
0.155508846
0.155508846
0.155508846
0.155508846
0.155508846
0.155508846
0.155508846
0.240331858
0.240331858
0.240331858
0.240331858
0.240331858
0.240331858
0.240331858
0.240331858
0.325154871
0.325154871
0.325154871
0.325154871
0.325154871
0.325154871
0.325154871
0.325154871
0.409977883
0.409977883
0.409977883
0.409977883
0.409977883
0.409977883
0.409977883
0.409977883
0.494800866
0.494800866
0.494800866
0.494800866
0.494800866
0.494800866
0.494800866
0.494800866
0.579623878
0.579623878
0.579623878
0.579623878
0.579623878
0.579623878
0.579623878
0.579623878
0.66444689
0.66444689
0.66444689
0.66444689
0.66444689
0.66444689
0.66444689
0.66444689
0.749269903
0.749269903
0.749269903
0.749269903
0.749269903
0.749269903
0.749269903
0.749269903
0.834092915
0.834092915
0.834092915
0.834092915
0.834092915
0.834092915
0.834092915
0.834092915
0.918915927
0.918915927
0.918915927
0.918915927
0.918915927
0.918915927
0.918915927
0.918915927
0.999026537
0.999026537
0.999026537
0.999026537
0.999026537
0.999026537
0.999026537
0.999026537
1.08384955
1.08384955
1.08384955
1.08384955
1.08384955
1.08384955
1.08384955
1.08384955
1.16867256
1.16867256
1.16867256
1.16867256
1.16867256
1.16867256
1.16867256
1.16867256
1.25349557
1.25349557
1.25349557
1.25349557
1.25349557
1.25349557
1.25349557
1.25349557
1.33831859
1.33831859
1.33831859
1.33831859
1.33831859
1.33831859
1.33831859
1.33831859
1.4231416
1.4231416
1.4231416
1.4231416
1.4231416
1.4231416
1.4231416
1.4231416
1.50796461
1.50796461
1.50796461
1.50796461
1.50796461
1.50796461
1.50796461
1.50796461
1.59278762
1.59278762
1.59278762
1.59278762
1.59278762
1.59278762
1.59278762
1.59278762
1.67761064
1.67761064
1.67761064
1.67761064
1.67761064
1.67761064
1.67761064
1.67761064
1.76243365
1.76243365
1.76243365
1.76243365
1.76243365
1.76243365
1.76243365
1.76243365
1.84725666
1.84725666
1.84725666
1.84725666
1.84725666
1.84725666
1.84725666
1.84725666
1.93207967
1.93207967
1.93207967
1.93207967
1.93207967
1.93207967
1.93207967
1.93207967
2.01690269
2.01690269
2.01690269
2.01690269
2.01690269
2.01690269
2.01690269
2.01690269
2.10172558
2.10172558
2.10172558
2.10172558
2.10172558
2.10172558
2.10172558
2.10172558
2.18654871
2.18654871
2.18654871
2.18654871
2.18654871
2.18654871
2.18654871
2.18654871
2.2713716
2.2713716
2.2713716
2.2713716
2.2713716
2.2713716
2.2713716
2.2713716
2.35619473
2.35619473
2.35619473
2.35619473
2.35619473
2.35619473
2.35619473
2.35619473
2.44101763
2.44101763
2.44101763
2.44101763
2.44101763
2.44101763
2.44101763
2.44101763
2.52584076
2.52584076
2.52584076
2.52584076
2.52584076
2.52584076
2.52584076
2.52584076
2.61066365
2.61066365
2.61066365
2.61066365
2.61066365
2.61066365
2.61066365
2.61066365
2.69548678
2.69548678
2.69548678
2.69548678
2.69548678
2.69548678
2.69548678
2.69548678
2.78030968
2.78030968
2.78030968
2.78030968
2.78030968
2.78030968
2.78030968
2.78030968
2.86513281
2.86513281
2.86513281
2.86513281
2.86513281
2.86513281
2.86513281
2.86513281
2.9499557
2.9499557
2.9499557
2.9499557
2.9499557
2.9499557
2.9499557
2.9499557
3.03477883
3.03477883
3.03477883
3.03477883
3.03477883
3.03477883
3.03477883
3.03477883
3.11960173
3.11960173
3.11960173
3.11960173
3.11960173
3.11960173
3.11960173
3.11960173
3.20442462
3.20442462
3.20442462
3.20442462
3.20442462
3.20442462
3.20442462
3.20442462
3.28924775
3.28924775
3.28924775
3.28924775
3.28924775
3.28924775
3.28924775
3.28924775
3.37407064
3.37407064
3.37407064
3.37407064
3.37407064
3.37407064
3.37407064
3.37407064
3.45889378
3.45889378
3.45889378
3.45889378
3.45889378
3.45889378
3.45889378
3.45889378
3.54371667
3.54371667
3.54371667
3.54371667
3.54371667
3.54371667
3.54371667
3.54371667
3.6285398
3.6285398
3.6285398
3.6285398
3.6285398
3.6285398
3.6285398
3.6285398
3.71336269
3.71336269
3.71336269
3.71336269
3.71336269
3.71336269
3.71336269
3.71336269
3.79818583
3.79818583
3.79818583
3.79818583
3.79818583
3.79818583
3.79818583
3.79818583
3.88300872
3.88300872
3.88300872
3.88300872
3.88300872
3.88300872
3.88300872
3.88300872
3.96783185
3.96783185
3.96783185
3.96783185
3.96783185
3.96783185
3.96783185
3.96783185
4.05265474
4.05265474
4.05265474
4.05265474
4.05265474
4.05265474
4.05265474
4.05265474
4.13747787
4.13747787
4.13747787
4.13747787
4.13747787
4.13747787
4.13747787
4.13747787
4.22230101
4.22230101
4.22230101
4.22230101
4.22230101
4.22230101
4.22230101
4.22230101
4.30241156
4.30241156
4.30241156
4.30241156
4.30241156
4.30241156
4.30241156
4.30241156
4.38723469
4.38723469
4.38723469
4.38723469
4.38723469
4.38723469
4.38723469
4.38723469
4.47205734
4.47205734
4.47205734
4.47205734
4.47205734
4.47205734
4.47205734
4.47205734
4.55688047
4.55688047
4.55688047
4.55688047
4.55688047
4.55688047
4.55688047
4.55688047
4.64170361
4.64170361
4.64170361
4.64170361
4.64170361
4.64170361
4.64170361
4.64170361
4.72652626
4.72652626
4.72652626
4.72652626
4.72652626
4.72652626
4.72652626
4.72652626
4.81134939
4.81134939
4.81134939
4.81134939
4.81134939
4.81134939
4.81134939
4.81134939
4.89617252
4.89617252
4.89617252
4.89617252
4.89617252
4.89617252
4.89617252
4.89617252
4.98099566
4.98099566
4.98099566
4.98099566
4.98099566
4.98099566
4.98099566
4.98099566
5.06581831
5.06581831
5.06581831
5.06581831
5.06581831
5.06581831
5.06581831
5.06581831
5.15064144
5.15064144
5.15064144
5.15064144
5.15064144
5.15064144
5.15064144
5.15064144
5.23546457
5.23546457
5.23546457
5.23546457
5.23546457
5.23546457
5.23546457
5.23546457
5.3202877
5.3202877
5.3202877
5.3202877
5.3202877
5.3202877
5.3202877
5.3202877
5.40511036
5.40511036
5.40511036
5.40511036
5.40511036
5.40511036
5.40511036
5.40511036
5.48993349
5.48993349
5.48993349
5.48993349
5.48993349
5.48993349
5.48993349
5.48993349
5.57475662
5.57475662
5.57475662
5.57475662
5.57475662
5.57475662
5.57475662
5.57475662
5.65957975
5.65957975
5.65957975
5.65957975
5.65957975
5.65957975
5.65957975
5.65957975
5.74440241
5.74440241
5.74440241
5.74440241
5.74440241
5.74440241
5.74440241
5.74440241
5.82922554
5.82922554
5.82922554
5.82922554
5.82922554
5.82922554
5.82922554
5.82922554
5.91404867
5.91404867
5.91404867
5.91404867
5.91404867
5.91404867
5.91404867
5.91404867
5.9988718
5.9988718
5.9988718
5.9988718
5.9988718
5.9988718
5.9988718
5.9988718
6.08369446
6.08369446
6.08369446
6.08369446
6.08369446
6.08369446
6.08369446
6.08369446
6.16851759
6.16851759
6.16851759
6.16851759
6.16851759
6.16851759
6.16851759
6.16851759
6.25334072
6.25334072
6.25334072
6.25334072
6.25334072
6.25334072
6.25334072
6.25334072
0.0549778938
0.0549778938
0.0549778938
0.0549778938
0.0549778938
0.0549778938
0.0549778938
0.0549778938
0.139800549
0.139800549
0.139800549
0.139800549
0.139800549
0.139800549
0.139800549
0.139800549
0.22462368
0.22462368
0.22462368
0.22462368
0.22462368
0.22462368
0.22462368
0.22462368
0.309446812
0.309446812
0.309446812
0.309446812
0.309446812
0.309446812
0.309446812
0.309446812
0.394269466
0.394269466
0.394269466
0.394269466
0.394269466
0.394269466
0.394269466
0.394269466
0.479092598
0.479092598
0.479092598
0.479092598
0.479092598
0.479092598
0.479092598
0.479092598
0.56391573
0.56391573
0.56391573
0.56391573
0.56391573
0.56391573
0.56391573
0.56391573
0.648738861
0.648738861
0.648738861
0.648738861
0.648738861
0.648738861
0.648738861
0.648738861
0.733561516
0.733561516
0.733561516
0.733561516
0.733561516
0.733561516
0.733561516
0.733561516
0.813672543
0.813672543
0.813672543
0.813672543
0.813672543
0.813672543
0.813672543
0.813672543
0.898495197
0.898495197
0.898495197
0.898495197
0.898495197
0.898495197
0.898495197
0.898495197
0.983318329
0.983318329
0.983318329
0.983318329
0.983318329
0.983318329
0.983318329
0.983318329
1.06814146
1.06814146
1.06814146
1.06814146
1.06814146
1.06814146
1.06814146
1.06814146
1.15296459
1.15296459
1.15296459
1.15296459
1.15296459
1.15296459
1.15296459
1.15296459
1.23778725
1.23778725
1.23778725
1.23778725
1.23778725
1.23778725
1.23778725
1.23778725
1.32261038
1.32261038
1.32261038
1.32261038
1.32261038
1.32261038
1.32261038
1.32261038
1.40743351
1.40743351
1.40743351
1.40743351
1.40743351
1.40743351
1.40743351
1.40743351
1.49225664
1.49225664
1.49225664
1.49225664
1.49225664
1.49225664
1.49225664
1.49225664
1.5770793
1.5770793
1.5770793
1.5770793
1.5770793
1.5770793
1.5770793
1.5770793
1.66190243
1.66190243
1.66190243
1.66190243
1.66190243
1.66190243
1.66190243
1.66190243
1.74672508
1.74672508
1.74672508
1.74672508
1.74672508
1.74672508
1.74672508
1.74672508
1.83154869
1.83154869
1.83154869
1.83154869
1.83154869
1.83154869
1.83154869
1.83154869
1.91637135
1.91637135
1.91637135
1.91637135
1.91637135
1.91637135
1.91637135
1.91637135
2.001194
2.001194
2.001194
2.001194
2.001194
2.001194
2.001194
2.001194
2.08601761
2.08601761
2.08601761
2.08601761
2.08601761
2.08601761
2.08601761
2.08601761
2.17084026
2.17084026
2.17084026
2.17084026
2.17084026
2.17084026
2.17084026
2.17084026
2.25566387
2.25566387
2.25566387
2.25566387
2.25566387
2.25566387
2.25566387
2.25566387
2.34048653
2.34048653
2.34048653
2.34048653
2.34048653
2.34048653
2.34048653
2.34048653
2.42530918
2.42530918
2.42530918
2.42530918
2.42530918
2.42530918
2.42530918
2.42530918
2.51013279
2.51013279
2.51013279
2.51013279
2.51013279
2.51013279
2.51013279
2.51013279
2.59495544
2.59495544
2.59495544
2.59495544
2.59495544
2.59495544
2.59495544
2.59495544
2.6797781
2.6797781
2.6797781
2.6797781
2.6797781
2.6797781
2.6797781
2.6797781
2.76460171
2.76460171
2.76460171
2.76460171
2.76460171
2.76460171
2.76460171
2.76460171
2.84942436
2.84942436
2.84942436
2.84942436
2.84942436
2.84942436
2.84942436
2.84942436
2.93424797
2.93424797
2.93424797
2.93424797
2.93424797
2.93424797
2.93424797
2.93424797
3.01907063
3.01907063
3.01907063
3.01907063
3.01907063
3.01907063
3.01907063
3.01907063
3.10389328
3.10389328
3.10389328
3.10389328
3.10389328
3.10389328
3.10389328
3.10389328
3.18871689
3.18871689
3.18871689
3.18871689
3.18871689
3.18871689
3.18871689
3.18871689
3.27353954
3.27353954
3.27353954
3.27353954
3.27353954
3.27353954
3.27353954
3.27353954
3.3583622
3.3583622
3.3583622
3.3583622
3.3583622
3.3583622
3.3583622
3.3583622
3.44318581
3.44318581
3.44318581
3.44318581
3.44318581
3.44318581
3.44318581
3.44318581
3.52800846
3.52800846
3.52800846
3.52800846
3.52800846
3.52800846
3.52800846
3.52800846
3.61283207
3.61283207
3.61283207
3.61283207
3.61283207
3.61283207
3.61283207
3.61283207
3.69765472
3.69765472
3.69765472
3.69765472
3.69765472
3.69765472
3.69765472
3.69765472
3.78247738
3.78247738
3.78247738
3.78247738
3.78247738
3.78247738
3.78247738
3.78247738
3.86730099
3.86730099
3.86730099
3.86730099
3.86730099
3.86730099
3.86730099
3.86730099
3.95212364
3.95212364
3.95212364
3.95212364
3.95212364
3.95212364
3.95212364
3.95212364
4.03223419
4.03223419
4.03223419
4.03223419
4.03223419
4.03223419
4.03223419
4.03223419
4.11705685
4.11705685
4.11705685
4.11705685
4.11705685
4.11705685
4.11705685
4.11705685
4.20188046
4.20188046
4.20188046
4.20188046
4.20188046
4.20188046
4.20188046
4.20188046
4.28670311
4.28670311
4.28670311
4.28670311
4.28670311
4.28670311
4.28670311
4.28670311
4.37152672
4.37152672
4.37152672
4.37152672
4.37152672
4.37152672
4.37152672
4.37152672
4.45634937
4.45634937
4.45634937
4.45634937
4.45634937
4.45634937
4.45634937
4.45634937
4.54117203
4.54117203
4.54117203
4.54117203
4.54117203
4.54117203
4.54117203
4.54117203
4.62599564
4.62599564
4.62599564
4.62599564
4.62599564
4.62599564
4.62599564
4.62599564
4.71081829
4.71081829
4.71081829
4.71081829
4.71081829
4.71081829
4.71081829
4.71081829
4.79564095
4.79564095
4.79564095
4.79564095
4.79564095
4.79564095
4.79564095
4.79564095
4.88046455
4.88046455
4.88046455
4.88046455
4.88046455
4.88046455
4.88046455
4.88046455
4.96528721
4.96528721
4.96528721
4.96528721
4.96528721
4.96528721
4.96528721
4.96528721
5.05011082
5.05011082
5.05011082
5.05011082
5.05011082
5.05011082
5.05011082
5.05011082
5.13493347
5.13493347
5.13493347
5.13493347
5.13493347
5.13493347
5.13493347
5.13493347
5.21975613
5.21975613
5.21975613
5.21975613
5.21975613
5.21975613
5.21975613
5.21975613
5.30457973
5.30457973
5.30457973
5.30457973
5.30457973
5.30457973
5.30457973
5.30457973
5.38940239
5.38940239
5.38940239
5.38940239
5.38940239
5.38940239
5.38940239
5.38940239
5.47422504
5.47422504
5.47422504
5.47422504
5.47422504
5.47422504
5.47422504
5.47422504
5.55904865
5.55904865
5.55904865
5.55904865
5.55904865
5.55904865
5.55904865
5.55904865
5.64387131
5.64387131
5.64387131
5.64387131
5.64387131
5.64387131
5.64387131
5.64387131
5.72869396
5.72869396
5.72869396
5.72869396
5.72869396
5.72869396
5.72869396
5.72869396
5.81351757
5.81351757
5.81351757
5.81351757
5.81351757
5.81351757
5.81351757
5.81351757
5.89834023
5.89834023
5.89834023
5.89834023
5.89834023
5.89834023
5.89834023
5.89834023
5.98316383
5.98316383
5.98316383
5.98316383
5.98316383
5.98316383
5.98316383
5.98316383
6.06798649
6.06798649
6.06798649
6.06798649
6.06798649
6.06798649
6.06798649
6.06798649
6.15280914
6.15280914
6.15280914
6.15280914
6.15280914
6.15280914
6.15280914
6.15280914
6.23763275
6.23763275
6.23763275
6.23763275
6.23763275
6.23763275
6.23763275
6.23763275
0.0392694473
0.0392694473
0.0392694473
0.0392694473
0.0392694473
0.0392694473
0.0392694473
0.0392694473
0.124092102
0.124092102
0.124092102
0.124092102
0.124092102
0.124092102
0.124092102
0.124092102
0.20891571
0.20891571
0.20891571
0.20891571
0.20891571
0.20891571
0.20891571
0.20891571
0.293738365
0.293738365
0.293738365
0.293738365
0.293738365
0.293738365
0.293738365
0.293738365
0.378561974
0.378561974
0.378561974
0.378561974
0.378561974
0.378561974
0.378561974
0.378561974
0.463384628
0.463384628
0.463384628
0.463384628
0.463384628
0.463384628
0.463384628
0.463384628
0.543495178
0.543495178
0.543495178
0.543495178
0.543495178
0.543495178
0.543495178
0.543495178
0.628317833
0.628317833
0.628317833
0.628317833
0.628317833
0.628317833
0.628317833
0.628317833
0.713141441
0.713141441
0.713141441
0.713141441
0.713141441
0.713141441
0.713141441
0.713141441
0.797964096
0.797964096
0.797964096
0.797964096
0.797964096
0.797964096
0.797964096
0.797964096
0.882786751
0.882786751
0.882786751
0.882786751
0.882786751
0.882786751
0.882786751
0.882786751
0.967610359
0.967610359
0.967610359
0.967610359
0.967610359
0.967610359
0.967610359
0.967610359
1.05243301
1.05243301
1.05243301
1.05243301
1.05243301
1.05243301
1.05243301
1.05243301
1.13725662
1.13725662
1.13725662
1.13725662
1.13725662
1.13725662
1.13725662
1.13725662
1.22207928
1.22207928
1.22207928
1.22207928
1.22207928
1.22207928
1.22207928
1.22207928
1.30690193
1.30690193
1.30690193
1.30690193
1.30690193
1.30690193
1.30690193
1.30690193
1.39172554
1.39172554
1.39172554
1.39172554
1.39172554
1.39172554
1.39172554
1.39172554
1.47654819
1.47654819
1.47654819
1.47654819
1.47654819
1.47654819
1.47654819
1.47654819
1.56137085
1.56137085
1.56137085
1.56137085
1.56137085
1.56137085
1.56137085
1.56137085
1.64619446
1.64619446
1.64619446
1.64619446
1.64619446
1.64619446
1.64619446
1.64619446
1.73101711
1.73101711
1.73101711
1.73101711
1.73101711
1.73101711
1.73101711
1.73101711
1.81584072
1.81584072
1.81584072
1.81584072
1.81584072
1.81584072
1.81584072
1.81584072
1.90066338
1.90066338
1.90066338
1.90066338
1.90066338
1.90066338
1.90066338
1.90066338
1.98548603
1.98548603
1.98548603
1.98548603
1.98548603
1.98548603
1.98548603
1.98548603
2.07030964
2.07030964
2.07030964
2.07030964
2.07030964
2.07030964
2.07030964
2.07030964
2.15513229
2.15513229
2.15513229
2.15513229
2.15513229
2.15513229
2.15513229
2.15513229
2.23995495
2.23995495
2.23995495
2.23995495
2.23995495
2.23995495
2.23995495
2.23995495
2.32477856
2.32477856
2.32477856
2.32477856
2.32477856
2.32477856
2.32477856
2.32477856
2.40960121
2.40960121
2.40960121
2.40960121
2.40960121
2.40960121
2.40960121
2.40960121
2.49442387
2.49442387
2.49442387
2.49442387
2.49442387
2.49442387
2.49442387
2.49442387
2.57924747
2.57924747
2.57924747
2.57924747
2.57924747
2.57924747
2.57924747
2.57924747
2.66407013
2.66407013
2.66407013
2.66407013
2.66407013
2.66407013
2.66407013
2.66407013
2.74889374
2.74889374
2.74889374
2.74889374
2.74889374
2.74889374
2.74889374
2.74889374
2.83371639
2.83371639
2.83371639
2.83371639
2.83371639
2.83371639
2.83371639
2.83371639
2.91853905
2.91853905
2.91853905
2.91853905
2.91853905
2.91853905
2.91853905
2.91853905
3.00336266
3.00336266
3.00336266
3.00336266
3.00336266
3.00336266
3.00336266
3.00336266
3.08818531
3.08818531
3.08818531
3.08818531
3.08818531
3.08818531
3.08818531
3.08818531
3.17300797
3.17300797
3.17300797
3.17300797
3.17300797
3.17300797
3.17300797
3.17300797
3.25783157
3.25783157
3.25783157
3.25783157
3.25783157
3.25783157
3.25783157
3.25783157
3.34265423
3.34265423
3.34265423
3.34265423
3.34265423
3.34265423
3.34265423
3.34265423
3.42747784
3.42747784
3.42747784
3.42747784
3.42747784
3.42747784
3.42747784
3.42747784
3.51230049
3.51230049
3.51230049
3.51230049
3.51230049
3.51230049
3.51230049
3.51230049
3.5971241
3.5971241
3.5971241
3.5971241
3.5971241
3.5971241
3.5971241
3.5971241
3.6819458
3.6819458
3.6819458
3.6819458
3.6819458
3.6819458
3.6819458
3.6819458
3.76676941
3.76676941
3.76676941
3.76676941
3.76676941
3.76676941
3.76676941
3.76676941
3.84687996
3.84687996
3.84687996
3.84687996
3.84687996
3.84687996
3.84687996
3.84687996
3.93170357
3.93170357
3.93170357
3.93170357
3.93170357
3.93170357
3.93170357
3.93170357
4.01652527
4.01652527
4.01652527
4.01652527
4.01652527
4.01652527
4.01652527
4.01652527
4.10134888
4.10134888
4.10134888
4.10134888
4.10134888
4.10134888
4.10134888
4.10134888
4.18617249
4.18617249
4.18617249
4.18617249
4.18617249
4.18617249
4.18617249
4.18617249
4.27099419
4.27099419
4.27099419
4.27099419
4.27099419
4.27099419
4.27099419
4.27099419
4.35581779
4.35581779
4.35581779
4.35581779
4.35581779
4.35581779
4.35581779
4.35581779
4.4406414
4.4406414
4.4406414
4.4406414
4.4406414
4.4406414
4.4406414
4.4406414
4.52546501
4.52546501
4.52546501
4.52546501
4.52546501
4.52546501
4.52546501
4.52546501
4.61028671
4.61028671
4.61028671
4.61028671
4.61028671
4.61028671
4.61028671
4.61028671
4.69511032
4.69511032
4.69511032
4.69511032
4.69511032
4.69511032
4.69511032
4.69511032
4.77993393
4.77993393
4.77993393
4.77993393
4.77993393
4.77993393
4.77993393
4.77993393
4.86475563
4.86475563
4.86475563
4.86475563
4.86475563
4.86475563
4.86475563
4.86475563
4.94957924
4.94957924
4.94957924
4.94957924
4.94957924
4.94957924
4.94957924
4.94957924
5.03440285
5.03440285
5.03440285
5.03440285
5.03440285
5.03440285
5.03440285
5.03440285
5.11922455
5.11922455
5.11922455
5.11922455
5.11922455
5.11922455
5.11922455
5.11922455
5.20404816
5.20404816
5.20404816
5.20404816
5.20404816
5.20404816
5.20404816
5.20404816
5.28887177
5.28887177
5.28887177
5.28887177
5.28887177
5.28887177
5.28887177
5.28887177
5.37369347
5.37369347
5.37369347
5.37369347
5.37369347
5.37369347
5.37369347
5.37369347
5.45851707
5.45851707
5.45851707
5.45851707
5.45851707
5.45851707
5.45851707
5.45851707
5.54334068
5.54334068
5.54334068
5.54334068
5.54334068
5.54334068
5.54334068
5.54334068
5.62816238
5.62816238
5.62816238
5.62816238
5.62816238
5.62816238
5.62816238
5.62816238
5.71298599
5.71298599
5.71298599
5.71298599
5.71298599
5.71298599
5.71298599
5.71298599
5.7978096
5.7978096
5.7978096
5.7978096
5.7978096
5.7978096
5.7978096
5.7978096
5.88263321
5.88263321
5.88263321
5.88263321
5.88263321
5.88263321
5.88263321
5.88263321
5.96745491
5.96745491
5.96745491
5.96745491
5.96745491
5.96745491
5.96745491
5.96745491
6.05227852
6.05227852
6.05227852
6.05227852
6.05227852
6.05227852
6.05227852
6.05227852
6.13710213
6.13710213
6.13710213
6.13710213
6.13710213
6.13710213
6.13710213
6.13710213
6.22192383
6.22192383
6.22192383
6.22192383
6.22192383
6.22192383
6.22192383
6.22192383
0.023561947
0.023561947
0.023561947
0.023561947
0.023561947
0.023561947
0.023561947
0.023561947
0.108384952
0.108384952
0.108384952
0.108384952
0.108384952
0.108384952
0.108384952
0.108384952
0.193207964
0.193207964
0.193207964
0.193207964
0.193207964
0.193207964
0.193207964
0.193207964
0.273318589
0.273318589
0.273318589
0.273318589
0.273318589
0.273318589
0.273318589
0.273318589
0.358141601
0.358141601
0.358141601
0.358141601
0.358141601
0.358141601
0.358141601
0.358141601
0.442964584
0.442964584
0.442964584
0.442964584
0.442964584
0.442964584
0.442964584
0.442964584
0.527787626
0.527787626
0.527787626
0.527787626
0.527787626
0.527787626
0.527787626
0.527787626
0.612610638
0.612610638
0.612610638
0.612610638
0.612610638
0.612610638
0.612610638
0.612610638
0.697433591
0.697433591
0.697433591
0.697433591
0.697433591
0.697433591
0.697433591
0.697433591
0.782256603
0.782256603
0.782256603
0.782256603
0.782256603
0.782256603
0.782256603
0.782256603
0.867079616
0.867079616
0.867079616
0.867079616
0.867079616
0.867079616
0.867079616
0.867079616
0.951902628
0.951902628
0.951902628
0.951902628
0.951902628
0.951902628
0.951902628
0.951902628
1.03672564
1.03672564
1.03672564
1.03672564
1.03672564
1.03672564
1.03672564
1.03672564
1.12154865
1.12154865
1.12154865
1.12154865
1.12154865
1.12154865
1.12154865
1.12154865
1.20637167
1.20637167
1.20637167
1.20637167
1.20637167
1.20637167
1.20637167
1.20637167
1.29119468
1.29119468
1.29119468
1.29119468
1.29119468
1.29119468
1.29119468
1.29119468
1.37601769
1.37601769
1.37601769
1.37601769
1.37601769
1.37601769
1.37601769
1.37601769
1.4608407
1.4608407
1.4608407
1.4608407
1.4608407
1.4608407
1.4608407
1.4608407
1.54566371
1.54566371
1.54566371
1.54566371
1.54566371
1.54566371
1.54566371
1.54566371
1.63048673
1.63048673
1.63048673
1.63048673
1.63048673
1.63048673
1.63048673
1.63048673
1.71530974
1.71530974
1.71530974
1.71530974
1.71530974
1.71530974
1.71530974
1.71530974
1.80013275
1.80013275
1.80013275
1.80013275
1.80013275
1.80013275
1.80013275
1.80013275
1.88495576
1.88495576
1.88495576
1.88495576
1.88495576
1.88495576
1.88495576
1.88495576
1.96977878
1.96977878
1.96977878
1.96977878
1.96977878
1.96977878
1.96977878
1.96977878
2.05460167
2.05460167
2.05460167
2.05460167
2.05460167
2.05460167
2.05460167
2.05460167
2.1394248
2.1394248
2.1394248
2.1394248
2.1394248
2.1394248
2.1394248
2.1394248
2.22424769
2.22424769
2.22424769
2.22424769
2.22424769
2.22424769
2.22424769
2.22424769
2.30907083
2.30907083
2.30907083
2.30907083
2.30907083
2.30907083
2.30907083
2.30907083
2.39389372
2.39389372
2.39389372
2.39389372
2.39389372
2.39389372
2.39389372
2.39389372
2.47871685
2.47871685
2.47871685
2.47871685
2.47871685
2.47871685
2.47871685
2.47871685
2.56353974
2.56353974
2.56353974
2.56353974
2.56353974
2.56353974
2.56353974
2.56353974
2.64836287
2.64836287
2.64836287
2.64836287
2.64836287
2.64836287
2.64836287
2.64836287
2.73318577
2.73318577
2.73318577
2.73318577
2.73318577
2.73318577
2.73318577
2.73318577
2.8180089
2.8180089
2.8180089
2.8180089
2.8180089
2.8180089
2.8180089
2.8180089
2.90283179
2.90283179
2.90283179
2.90283179
2.90283179
2.90283179
2.90283179
2.90283179
2.98765492
2.98765492
2.98765492
2.98765492
2.98765492
2.98765492
2.98765492
2.98765492
3.07247782
3.07247782
3.07247782
3.07247782
3.07247782
3.07247782
3.07247782
3.07247782
3.15730095
3.15730095
3.15730095
3.15730095
3.15730095
3.15730095
3.15730095
3.15730095
3.24212384
3.24212384
3.24212384
3.24212384
3.24212384
3.24212384
3.24212384
3.24212384
3.32694697
3.32694697
3.32694697
3.32694697
3.32694697
3.32694697
3.32694697
3.32694697
3.41176987
3.41176987
3.41176987
3.41176987
3.41176987
3.41176987
3.41176987
3.41176987
3.49659276
3.49659276
3.49659276
3.49659276
3.49659276
3.49659276
3.49659276
3.49659276
3.57670355
3.57670355
3.57670355
3.57670355
3.57670355
3.57670355
3.57670355
3.57670355
3.66152644
3.66152644
3.66152644
3.66152644
3.66152644
3.66152644
3.66152644
3.66152644
3.74634957
3.74634957
3.74634957
3.74634957
3.74634957
3.74634957
3.74634957
3.74634957
3.83117247
3.83117247
3.83117247
3.83117247
3.83117247
3.83117247
3.83117247
3.83117247
3.9159956
3.9159956
3.9159956
3.9159956
3.9159956
3.9159956
3.9159956
3.9159956
4.00081873
4.00081873
4.00081873
4.00081873
4.00081873
4.00081873
4.00081873
4.00081873
4.08564138
4.08564138
4.08564138
4.08564138
4.08564138
4.08564138
4.08564138
4.08564138
4.17046452
4.17046452
4.17046452
4.17046452
4.17046452
4.17046452
4.17046452
4.17046452
4.25528765
4.25528765
4.25528765
4.25528765
4.25528765
4.25528765
4.25528765
4.25528765
4.34011078
4.34011078
4.34011078
4.34011078
4.34011078
4.34011078
4.34011078
4.34011078
4.42493343
4.42493343
4.42493343
4.42493343
4.42493343
4.42493343
4.42493343
4.42493343
4.50975657
4.50975657
4.50975657
4.50975657
4.50975657
4.50975657
4.50975657
4.50975657
4.5945797
4.5945797
4.5945797
4.5945797
4.5945797
4.5945797
4.5945797
4.5945797
4.67940283
4.67940283
4.67940283
4.67940283
4.67940283
4.67940283
4.67940283
4.67940283
4.76422548
4.76422548
4.76422548
4.76422548
4.76422548
4.76422548
4.76422548
4.76422548
4.84904861
4.84904861
4.84904861
4.84904861
4.84904861
4.84904861
4.84904861
4.84904861
4.93387175
4.93387175
4.93387175
4.93387175
4.93387175
4.93387175
4.93387175
4.93387175
5.0186944
5.0186944
5.0186944
5.0186944
5.0186944
5.0186944
5.0186944
5.0186944
5.10351753
5.10351753
5.10351753
5.10351753
5.10351753
5.10351753
5.10351753
5.10351753
5.18834066
5.18834066
5.18834066
5.18834066
5.18834066
5.18834066
5.18834066
5.18834066
5.2731638
5.2731638
5.2731638
5.2731638
5.2731638
5.2731638
5.2731638
5.2731638
5.35798645
5.35798645
5.35798645
5.35798645
5.35798645
5.35798645
5.35798645
5.35798645
5.44280958
5.44280958
5.44280958
5.44280958
5.44280958
5.44280958
5.44280958
5.44280958
5.52763271
5.52763271
5.52763271
5.52763271
5.52763271
5.52763271
5.52763271
5.52763271
5.61245584
5.61245584
5.61245584
5.61245584
5.61245584
5.61245584
5.61245584
5.61245584
5.6972785
5.6972785
5.6972785
5.6972785
5.6972785
5.6972785
5.6972785
5.6972785
5.78210163
5.78210163
5.78210163
5.78210163
5.78210163
5.78210163
5.78210163
5.78210163
5.86692476
5.86692476
5.86692476
5.86692476
5.86692476
5.86692476
5.86692476
5.86692476
5.95174789
5.95174789
5.95174789
5.95174789
5.95174789
5.95174789
5.95174789
5.95174789
6.03657055
6.03657055
6.03657055
6.03657055
6.03657055
6.03657055
6.03657055
6.03657055
6.12139368
6.12139368
6.12139368
6.12139368
6.12139368
6.12139368
6.12139368
6.12139368
6.20621681
6.20621681
6.20621681
6.20621681
6.20621681
6.20621681
6.20621681
6.20621681
0.0031414032
0.0031414032
0.0031414032
0.0031414032
0.0031414032
0.0031414032
0.0031414032
0.0031414032
0.0879645348
0.0879645348
0.0879645348
0.0879645348
0.0879645348
0.0879645348
0.0879645348
0.0879645348
0.172787189
0.172787189
0.172787189
0.172787189
0.172787189
0.172787189
0.172787189
0.172787189
0.257610321
0.257610321
0.257610321
0.257610321
0.257610321
0.257610321
0.257610321
0.257610321
0.342433453
0.342433453
0.342433453
0.342433453
0.342433453
0.342433453
0.342433453
0.342433453
0.427256584
0.427256584
0.427256584
0.427256584
0.427256584
0.427256584
0.427256584
0.427256584
0.512079239
0.512079239
0.512079239
0.512079239
0.512079239
0.512079239
0.512079239
0.512079239
0.59690237
0.59690237
0.59690237
0.59690237
0.59690237
0.59690237
0.59690237
0.59690237
0.681725502
0.681725502
0.681725502
0.681725502
0.681725502
0.681725502
0.681725502
0.681725502
0.766548634
0.766548634
0.766548634
0.766548634
0.766548634
0.766548634
0.766548634
0.766548634
0.851371288
0.851371288
0.851371288
0.851371288
0.851371288
0.851371288
0.851371288
0.851371288
0.93619442
0.93619442
0.93619442
0.93619442
0.93619442
0.93619442
0.93619442
0.93619442
1.02101755
1.02101755
1.02101755
1.02101755
1.02101755
1.02101755
1.02101755
1.02101755
1.10584068
1.10584068
1.10584068
1.10584068
1.10584068
1.10584068
1.10584068
1.10584068
1.19066334
1.19066334
1.19066334
1.19066334
1.19066334
1.19066334
1.19066334
1.19066334
1.27548647
1.27548647
1.27548647
1.27548647
1.27548647
1.27548647
1.27548647
1.27548647
1.3603096
1.3603096
1.3603096
1.3603096
1.3603096
1.3603096
1.3603096
1.3603096
1.44513273
1.44513273
1.44513273
1.44513273
1.44513273
1.44513273
1.44513273
1.44513273
1.52995539
1.52995539
1.52995539
1.52995539
1.52995539
1.52995539
1.52995539
1.52995539
1.61477852
1.61477852
1.61477852
1.61477852
1.61477852
1.61477852
1.61477852
1.61477852
1.69960165
1.69960165
1.69960165
1.69960165
1.69960165
1.69960165
1.69960165
1.69960165
1.78442478
1.78442478
1.78442478
1.78442478
1.78442478
1.78442478
1.78442478
1.78442478
1.86924744
1.86924744
1.86924744
1.86924744
1.86924744
1.86924744
1.86924744
1.86924744
1.95407009
1.95407009
1.95407009
1.95407009
1.95407009
1.95407009
1.95407009
1.95407009
2.0388937
2.0388937
2.0388937
2.0388937
2.0388937
2.0388937
2.0388937
2.0388937
2.12371635
2.12371635
2.12371635
2.12371635
2.12371635
2.12371635
2.12371635
2.12371635
2.20853996
2.20853996
2.20853996
2.20853996
2.20853996
2.20853996
2.20853996
2.20853996
2.29336262
2.29336262
2.29336262
2.29336262
2.29336262
2.29336262
2.29336262
2.29336262
2.37818527
2.37818527
2.37818527
2.37818527
2.37818527
2.37818527
2.37818527
2.37818527
2.46300888
2.46300888
2.46300888
2.46300888
2.46300888
2.46300888
2.46300888
2.46300888
2.54783154
2.54783154
2.54783154
2.54783154
2.54783154
2.54783154
2.54783154
2.54783154
2.63265419
2.63265419
2.63265419
2.63265419
2.63265419
2.63265419
2.63265419
2.63265419
2.7174778
2.7174778
2.7174778
2.7174778
2.7174778
2.7174778
2.7174778
2.7174778
2.80230045
2.80230045
2.80230045
2.80230045
2.80230045
2.80230045
2.80230045
2.80230045
2.88712406
2.88712406
2.88712406
2.88712406
2.88712406
2.88712406
2.88712406
2.88712406
2.97194672
2.97194672
2.97194672
2.97194672
2.97194672
2.97194672
2.97194672
2.97194672
3.05676937
3.05676937
3.05676937
3.05676937
3.05676937
3.05676937
3.05676937
3.05676937
3.14159298
3.14159298
3.14159298
3.14159298
3.14159298
3.14159298
3.14159298
3.14159298
3.22641563
3.22641563
3.22641563
3.22641563
3.22641563
3.22641563
3.22641563
3.22641563
3.30652618
3.30652618
3.30652618
3.30652618
3.30652618
3.30652618
3.30652618
3.30652618
3.39134884
3.39134884
3.39134884
3.39134884
3.39134884
3.39134884
3.39134884
3.39134884
3.47617245
3.47617245
3.47617245
3.47617245
3.47617245
3.47617245
3.47617245
3.47617245
3.5609951
3.5609951
3.5609951
3.5609951
3.5609951
3.5609951
3.5609951
3.5609951
3.64581871
3.64581871
3.64581871
3.64581871
3.64581871
3.64581871
3.64581871
3.64581871
3.73064137
3.73064137
3.73064137
3.73064137
3.73064137
3.73064137
3.73064137
3.73064137
3.81546402
3.81546402
3.81546402
3.81546402
3.81546402
3.81546402
3.81546402
3.81546402
3.90028763
3.90028763
3.90028763
3.90028763
3.90028763
3.90028763
3.90028763
3.90028763
3.98511028
3.98511028
3.98511028
3.98511028
3.98511028
3.98511028
3.98511028
3.98511028
4.06993294
4.06993294
4.06993294
4.06993294
4.06993294
4.06993294
4.06993294
4.06993294
4.15475655
4.15475655
4.15475655
4.15475655
4.15475655
4.15475655
4.15475655
4.15475655
4.2395792
4.2395792
4.2395792
4.2395792
4.2395792
4.2395792
4.2395792
4.2395792
4.32440281
4.32440281
4.32440281
4.32440281
4.32440281
4.32440281
4.32440281
4.32440281
4.40922546
4.40922546
4.40922546
4.40922546
4.40922546
4.40922546
4.40922546
4.40922546
4.49404812
4.49404812
4.49404812
4.49404812
4.49404812
4.49404812
4.49404812
4.49404812
4.57887173
4.57887173
4.57887173
4.57887173
4.57887173
4.57887173
4.57887173
4.57887173
4.66369438
4.66369438
4.66369438
4.66369438
4.66369438
4.66369438
4.66369438
4.66369438
4.74851704
4.74851704
4.74851704
4.74851704
4.74851704
4.74851704
4.74851704
4.74851704
4.83334064
4.83334064
4.83334064
4.83334064
4.83334064
4.83334064
4.83334064
4.83334064
4.9181633
4.9181633
4.9181633
4.9181633
4.9181633
4.9181633
4.9181633
4.9181633
5.00298691
5.00298691
5.00298691
5.00298691
5.00298691
5.00298691
5.00298691
5.00298691
5.08780956
5.08780956
5.08780956
5.08780956
5.08780956
5.08780956
5.08780956
5.08780956
5.17263222
5.17263222
5.17263222
5.17263222
5.17263222
5.17263222
5.17263222
5.17263222
5.25745583
5.25745583
5.25745583
5.25745583
5.25745583
5.25745583
5.25745583
5.25745583
5.34227848
5.34227848
5.34227848
5.34227848
5.34227848
5.34227848
5.34227848
5.34227848
5.42710114
5.42710114
5.42710114
5.42710114
5.42710114
5.42710114
5.42710114
5.42710114
5.51192474
5.51192474
5.51192474
5.51192474
5.51192474
5.51192474
5.51192474
5.51192474
5.5967474
5.5967474
5.5967474
5.5967474
5.5967474
5.5967474
5.5967474
5.5967474
5.68157005
5.68157005
5.68157005
5.68157005
5.68157005
5.68157005
5.68157005
5.68157005
5.76639366
5.76639366
5.76639366
5.76639366
5.76639366
5.76639366
5.76639366
5.76639366
5.85121632
5.85121632
5.85121632
5.85121632
5.85121632
5.85121632
5.85121632
5.85121632
5.93603992
5.93603992
5.93603992
5.93603992
5.93603992
5.93603992
5.93603992
5.93603992
6.02086258
6.02086258
6.02086258
6.02086258
6.02086258
6.02086258
6.02086258
6.02086258
6.10568523
6.10568523
6.10568523
6.10568523
6.10568523
6.10568523
6.10568523
6.10568523
6.19050884
6.19050884
6.19050884
6.19050884
6.19050884
6.19050884
6.19050884
6.19050884
6.2753315
6.2753315
6.2753315
6.2753315
6.2753315
6.2753315
6.2753315
6.2753315
0.0769681931
0.0769681931
0.0769681931
0.0769681931
0.0769681931
0.0769681931
0.0769681931
0.0769681931
0.161791801
0.161791801
0.161791801
0.161791801
0.161791801
0.161791801
0.161791801
0.161791801
0.246614456
0.246614456
0.246614456
0.246614456
0.246614456
0.246614456
0.246614456
0.246614456
0.326725006
0.326725006
0.326725006
0.326725006
0.326725006
0.326725006
0.326725006
0.326725006
0.411548615
0.411548615
0.411548615
0.411548615
0.411548615
0.411548615
0.411548615
0.411548615
0.496371269
0.496371269
0.496371269
0.496371269
0.496371269
0.496371269
0.496371269
0.496371269
0.581193924
0.581193924
0.581193924
0.581193924
0.581193924
0.581193924
0.581193924
0.581193924
0.666017532
0.666017532
0.666017532
0.666017532
0.666017532
0.666017532
0.666017532
0.666017532
0.750840187
0.750840187
0.750840187
0.750840187
0.750840187
0.750840187
0.750840187
0.750840187
0.835662842
0.835662842
0.835662842
0.835662842
0.835662842
0.835662842
0.835662842
0.835662842
0.92048645
0.92048645
0.92048645
0.92048645
0.92048645
0.92048645
0.92048645
0.92048645
1.0053091
1.0053091
1.0053091
1.0053091
1.0053091
1.0053091
1.0053091
1.0053091
1.09013271
1.09013271
1.09013271
1.09013271
1.09013271
1.09013271
1.09013271
1.09013271
1.17495537
1.17495537
1.17495537
1.17495537
1.17495537
1.17495537
1.17495537
1.17495537
1.25977802
1.25977802
1.25977802
1.25977802
1.25977802
1.25977802
1.25977802
1.25977802
1.34460163
1.34460163
1.34460163
1.34460163
1.34460163
1.34460163
1.34460163
1.34460163
1.42942429
1.42942429
1.42942429
1.42942429
1.42942429
1.42942429
1.42942429
1.42942429
1.51424694
1.51424694
1.51424694
1.51424694
1.51424694
1.51424694
1.51424694
1.51424694
1.59907055
1.59907055
1.59907055
1.59907055
1.59907055
1.59907055
1.59907055
1.59907055
1.6838932
1.6838932
1.6838932
1.6838932
1.6838932
1.6838932
1.6838932
1.6838932
1.76871681
1.76871681
1.76871681
1.76871681
1.76871681
1.76871681
1.76871681
1.76871681
1.85353947
1.85353947
1.85353947
1.85353947
1.85353947
1.85353947
1.85353947
1.85353947
1.93836212
1.93836212
1.93836212
1.93836212
1.93836212
1.93836212
1.93836212
1.93836212
2.02318573
2.02318573
2.02318573
2.02318573
2.02318573
2.02318573
2.02318573
2.02318573
2.10800838
2.10800838
2.10800838
2.10800838
2.10800838
2.10800838
2.10800838
2.10800838
2.19283104
2.19283104
2.19283104
2.19283104
2.19283104
2.19283104
2.19283104
2.19283104
2.27765465
2.27765465
2.27765465
2.27765465
2.27765465
2.27765465
2.27765465
2.27765465
2.3624773
2.3624773
2.3624773
2.3624773
2.3624773
2.3624773
2.3624773
2.3624773
2.44730091
2.44730091
2.44730091
2.44730091
2.44730091
2.44730091
2.44730091
2.44730091
2.53212357
2.53212357
2.53212357
2.53212357
2.53212357
2.53212357
2.53212357
2.53212357
2.61694622
2.61694622
2.61694622
2.61694622
2.61694622
2.61694622
2.61694622
2.61694622
2.70176983
2.70176983
2.70176983
2.70176983
2.70176983
2.70176983
2.70176983
2.70176983
2.78659248
2.78659248
2.78659248
2.78659248
2.78659248
2.78659248
2.78659248
2.78659248
2.87141514
2.87141514
2.87141514
2.87141514
2.87141514
2.87141514
2.87141514
2.87141514
2.95623875
2.95623875
2.95623875
2.95623875
2.95623875
2.95623875
2.95623875
2.95623875
3.0363493
3.0363493
3.0363493
3.0363493
3.0363493
3.0363493
3.0363493
3.0363493
3.12117195
3.12117195
3.12117195
3.12117195
3.12117195
3.12117195
3.12117195
3.12117195
3.20599556
3.20599556
3.20599556
3.20599556
3.20599556
3.20599556
3.20599556
3.20599556
3.29081821
3.29081821
3.29081821
3.29081821
3.29081821
3.29081821
3.29081821
3.29081821
3.37564087
3.37564087
3.37564087
3.37564087
3.37564087
3.37564087
3.37564087
3.37564087
3.46046448
3.46046448
3.46046448
3.46046448
3.46046448
3.46046448
3.46046448
3.46046448
3.54528809
3.54528809
3.54528809
3.54528809
3.54528809
3.54528809
3.54528809
3.54528809
3.63010979
3.63010979
3.63010979
3.63010979
3.63010979
3.63010979
3.63010979
3.63010979
3.7149334
3.7149334
3.7149334
3.7149334
3.7149334
3.7149334
3.7149334
3.7149334
3.799757
3.799757
3.799757
3.799757
3.799757
3.799757
3.799757
3.799757
3.8845787
3.8845787
3.8845787
3.8845787
3.8845787
3.8845787
3.8845787
3.8845787
3.96940231
3.96940231
3.96940231
3.96940231
3.96940231
3.96940231
3.96940231
3.96940231
4.05422592
4.05422592
4.05422592
4.05422592
4.05422592
4.05422592
4.05422592
4.05422592
4.13904762
4.13904762
4.13904762
4.13904762
4.13904762
4.13904762
4.13904762
4.13904762
4.22387123
4.22387123
4.22387123
4.22387123
4.22387123
4.22387123
4.22387123
4.22387123
4.30869484
4.30869484
4.30869484
4.30869484
4.30869484
4.30869484
4.30869484
4.30869484
4.39351654
4.39351654
4.39351654
4.39351654
4.39351654
4.39351654
4.39351654
4.39351654
4.47834015
4.47834015
4.47834015
4.47834015
4.47834015
4.47834015
4.47834015
4.47834015
4.56316376
4.56316376
4.56316376
4.56316376
4.56316376
4.56316376
4.56316376
4.56316376
4.64798546
4.64798546
4.64798546
4.64798546
4.64798546
4.64798546
4.64798546
4.64798546
4.73280907
4.73280907
4.73280907
4.73280907
4.73280907
4.73280907
4.73280907
4.73280907
4.81763268
4.81763268
4.81763268
4.81763268
4.81763268
4.81763268
4.81763268
4.81763268
4.90245438
4.90245438
4.90245438
4.90245438
4.90245438
4.90245438
4.90245438
4.90245438
4.98727798
4.98727798
4.98727798
4.98727798
4.98727798
4.98727798
4.98727798
4.98727798
5.07210159
5.07210159
5.07210159
5.07210159
5.07210159
5.07210159
5.07210159
5.07210159
5.1569252
5.1569252
5.1569252
5.1569252
5.1569252
5.1569252
5.1569252
5.1569252
5.2417469
5.2417469
5.2417469
5.2417469
5.2417469
5.2417469
5.2417469
5.2417469
5.32657051
5.32657051
5.32657051
5.32657051
5.32657051
5.32657051
5.32657051
5.32657051
5.41139412
5.41139412
5.41139412
5.41139412
5.41139412
5.41139412
5.41139412
5.41139412
5.49621582
5.49621582
5.49621582
5.49621582
5.49621582
5.49621582
5.49621582
5.49621582
5.58103943
5.58103943
5.58103943
5.58103943
5.58103943
5.58103943
5.58103943
5.58103943
5.66586304
5.66586304
5.66586304
5.66586304
5.66586304
5.66586304
5.66586304
5.66586304
5.75068474
5.75068474
5.75068474
5.75068474
5.75068474
5.75068474
5.75068474
5.75068474
5.83550835
5.83550835
5.83550835
5.83550835
5.83550835
5.83550835
5.83550835
5.83550835
5.92033195
5.92033195
5.92033195
5.92033195
5.92033195
5.92033195
5.92033195
5.92033195
6.00515366
6.00515366
6.00515366
6.00515366
6.00515366
6.00515366
6.00515366
6.00515366
6.08997726
6.08997726
6.08997726
6.08997726
6.08997726
6.08997726
6.08997726
6.08997726
6.17480087
6.17480087
6.17480087
6.17480087
6.17480087
6.17480087
6.17480087
6.17480087
6.25962257
6.25962257
6.25962257
6.25962257
6.25962257
6.25962257
6.25962257
6.25962257
0.0565486699
0.0565486699
0.0565486699
0.0565486699
0.0565486699
0.0565486699
0.0565486699
0.0565486699
0.141371682
0.141371682
0.141371682
0.141371682
0.141371682
0.141371682
0.141371682
0.141371682
0.22619468
0.22619468
0.22619468
0.22619468
0.22619468
0.22619468
0.22619468
0.22619468
0.311017692
0.311017692
0.311017692
0.311017692
0.311017692
0.311017692
0.311017692
0.311017692
0.395840704
0.395840704
0.395840704
0.395840704
0.395840704
0.395840704
0.395840704
0.395840704
0.480663717
0.480663717
0.480663717
0.480663717
0.480663717
0.480663717
0.480663717
0.480663717
0.565486729
0.565486729
0.565486729
0.565486729
0.565486729
0.565486729
0.565486729
0.565486729
0.650309741
0.650309741
0.650309741
0.650309741
0.650309741
0.650309741
0.650309741
0.650309741
0.735132754
0.735132754
0.735132754
0.735132754
0.735132754
0.735132754
0.735132754
0.735132754
0.819955766
0.819955766
0.819955766
0.819955766
0.819955766
0.819955766
0.819955766
0.819955766
0.904778719
0.904778719
0.904778719
0.904778719
0.904778719
0.904778719
0.904778719
0.904778719
0.989601731
0.989601731
0.989601731
0.989601731
0.989601731
0.989601731
0.989601731
0.989601731
1.07442474
1.07442474
1.07442474
1.07442474
1.07442474
1.07442474
1.07442474
1.07442474
1.15924776
1.15924776
1.15924776
1.15924776
1.15924776
1.15924776
1.15924776
1.15924776
1.24407077
1.24407077
1.24407077
1.24407077
1.24407077
1.24407077
1.24407077
1.24407077
1.32889378
1.32889378
1.32889378
1.32889378
1.32889378
1.32889378
1.32889378
1.32889378
1.41371679
1.41371679
1.41371679
1.41371679
1.41371679
1.41371679
1.41371679
1.41371679
1.49853981
1.49853981
1.49853981
1.49853981
1.49853981
1.49853981
1.49853981
1.49853981
1.58336282
1.58336282
1.58336282
1.58336282
1.58336282
1.58336282
1.58336282
1.58336282
1.66818583
1.66818583
1.66818583
1.66818583
1.66818583
1.66818583
1.66818583
1.66818583
1.75300884
1.75300884
1.75300884
1.75300884
1.75300884
1.75300884
1.75300884
1.75300884
1.83783185
1.83783185
1.83783185
1.83783185
1.83783185
1.83783185
1.83783185
1.83783185
1.92265487
1.92265487
1.92265487
1.92265487
1.92265487
1.92265487
1.92265487
1.92265487
2.00747776
2.00747776
2.00747776
2.00747776
2.00747776
2.00747776
2.00747776
2.00747776
2.09230089
2.09230089
2.09230089
2.09230089
2.09230089
2.09230089
2.09230089
2.09230089
2.17712379
2.17712379
2.17712379
2.17712379
2.17712379
2.17712379
2.17712379
2.17712379
2.26194692
2.26194692
2.26194692
2.26194692
2.26194692
2.26194692
2.26194692
2.26194692
2.34676981
2.34676981
2.34676981
2.34676981
2.34676981
2.34676981
2.34676981
2.34676981
2.43159294
2.43159294
2.43159294
2.43159294
2.43159294
2.43159294
2.43159294
2.43159294
2.51641583
2.51641583
2.51641583
2.51641583
2.51641583
2.51641583
2.51641583
2.51641583
2.60123897
2.60123897
2.60123897
2.60123897
2.60123897
2.60123897
2.60123897
2.60123897
2.68606186
2.68606186
2.68606186
2.68606186
2.68606186
2.68606186
2.68606186
2.68606186
2.77088499
2.77088499
2.77088499
2.77088499
2.77088499
2.77088499
2.77088499
2.77088499
2.85099554
2.85099554
2.85099554
2.85099554
2.85099554
2.85099554
2.85099554
2.85099554
2.93581843
2.93581843
2.93581843
2.93581843
2.93581843
2.93581843
2.93581843
2.93581843
3.02064157
3.02064157
3.02064157
3.02064157
3.02064157
3.02064157
3.02064157
3.02064157
3.10546446
3.10546446
3.10546446
3.10546446
3.10546446
3.10546446
3.10546446
3.10546446
3.19028759
3.19028759
3.19028759
3.19028759
3.19028759
3.19028759
3.19028759
3.19028759
3.27511048
3.27511048
3.27511048
3.27511048
3.27511048
3.27511048
3.27511048
3.27511048
3.35993361
3.35993361
3.35993361
3.35993361
3.35993361
3.35993361
3.35993361
3.35993361
3.44475651
3.44475651
3.44475651
3.44475651
3.44475651
3.44475651
3.44475651
3.44475651
3.52957964
3.52957964
3.52957964
3.52957964
3.52957964
3.52957964
3.52957964
3.52957964
3.61440253
3.61440253
3.61440253
3.61440253
3.61440253
3.61440253
3.61440253
3.61440253
3.69922566
3.69922566
3.69922566
3.69922566
3.69922566
3.69922566
3.69922566
3.69922566
3.78404856
3.78404856
3.78404856
3.78404856
3.78404856
3.78404856
3.78404856
3.78404856
3.86887169
3.86887169
3.86887169
3.86887169
3.86887169
3.86887169
3.86887169
3.86887169
3.95369458
3.95369458
3.95369458
3.95369458
3.95369458
3.95369458
3.95369458
3.95369458
4.03851748
4.03851748
4.03851748
4.03851748
4.03851748
4.03851748
4.03851748
4.03851748
4.12334061
4.12334061
4.12334061
4.12334061
4.12334061
4.12334061
4.12334061
4.12334061
4.20816374
4.20816374
4.20816374
4.20816374
4.20816374
4.20816374
4.20816374
4.20816374
4.29298687
4.29298687
4.29298687
4.29298687
4.29298687
4.29298687
4.29298687
4.29298687
4.37780952
4.37780952
4.37780952
4.37780952
4.37780952
4.37780952
4.37780952
4.37780952
4.46263266
4.46263266
4.46263266
4.46263266
4.46263266
4.46263266
4.46263266
4.46263266
4.54745579
4.54745579
4.54745579
4.54745579
4.54745579
4.54745579
4.54745579
4.54745579
4.63227892
4.63227892
4.63227892
4.63227892
4.63227892
4.63227892
4.63227892
4.63227892
4.71710157
4.71710157
4.71710157
4.71710157
4.71710157
4.71710157
4.71710157
4.71710157
4.80192471
4.80192471
4.80192471
4.80192471
4.80192471
4.80192471
4.80192471
4.80192471
4.88674784
4.88674784
4.88674784
4.88674784
4.88674784
4.88674784
4.88674784
4.88674784
4.97157049
4.97157049
4.97157049
4.97157049
4.97157049
4.97157049
4.97157049
4.97157049
5.05639362
5.05639362
5.05639362
5.05639362
5.05639362
5.05639362
5.05639362
5.05639362
5.14121675
5.14121675
5.14121675
5.14121675
5.14121675
5.14121675
5.14121675
5.14121675
5.22603989
5.22603989
5.22603989
5.22603989
5.22603989
5.22603989
5.22603989
5.22603989
5.31086254
5.31086254
5.31086254
5.31086254
5.31086254
5.31086254
5.31086254
5.31086254
5.39568567
5.39568567
5.39568567
5.39568567
5.39568567
5.39568567
5.39568567
5.39568567
5.4805088
5.4805088
5.4805088
5.4805088
5.4805088
5.4805088
5.4805088
5.4805088
5.56533194
5.56533194
5.56533194
5.56533194
5.56533194
5.56533194
5.56533194
5.56533194
5.65015459
5.65015459
5.65015459
5.65015459
5.65015459
5.65015459
5.65015459
5.65015459
5.73497772
5.73497772
5.73497772
5.73497772
5.73497772
5.73497772
5.73497772
5.73497772
5.81980085
5.81980085
5.81980085
5.81980085
5.81980085
5.81980085
5.81980085
5.81980085
5.90462399
5.90462399
5.90462399
5.90462399
5.90462399
5.90462399
5.90462399
5.90462399
5.98944664
5.98944664
5.98944664
5.98944664
5.98944664
5.98944664
5.98944664
5.98944664
6.07426977
6.07426977
6.07426977
6.07426977
6.07426977
6.07426977
6.07426977
6.07426977
6.15438032
6.15438032
6.15438032
6.15438032
6.15438032
6.15438032
6.15438032
6.15438032
6.23920345
6.23920345
6.23920345
6.23920345
6.23920345
6.23920345
6.23920345
6.23920345
0.0408406258
0.0408406258
0.0408406258
0.0408406258
0.0408406258
0.0408406258
0.0408406258
0.0408406258
0.12566328
0.12566328
0.12566328
0.12566328
0.12566328
0.12566328
0.12566328
0.12566328
0.210486412
0.210486412
0.210486412
0.210486412
0.210486412
0.210486412
0.210486412
0.210486412
0.295309544
0.295309544
0.295309544
0.295309544
0.295309544
0.295309544
0.295309544
0.295309544
0.380132675
0.380132675
0.380132675
0.380132675
0.380132675
0.380132675
0.380132675
0.380132675
0.46495533
0.46495533
0.46495533
0.46495533
0.46495533
0.46495533
0.46495533
0.46495533
0.549778461
0.549778461
0.549778461
0.549778461
0.549778461
0.549778461
0.549778461
0.549778461
0.634601593
0.634601593
0.634601593
0.634601593
0.634601593
0.634601593
0.634601593
0.634601593
0.719424725
0.719424725
0.719424725
0.719424725
0.719424725
0.719424725
0.719424725
0.719424725
0.804247379
0.804247379
0.804247379
0.804247379
0.804247379
0.804247379
0.804247379
0.804247379
0.889070511
0.889070511
0.889070511
0.889070511
0.889070511
0.889070511
0.889070511
0.889070511
0.973893642
0.973893642
0.973893642
0.973893642
0.973893642
0.973893642
0.973893642
0.973893642
1.05871677
1.05871677
1.05871677
1.05871677
1.05871677
1.05871677
1.05871677
1.05871677
1.14353943
1.14353943
1.14353943
1.14353943
1.14353943
1.14353943
1.14353943
1.14353943
1.22836256
1.22836256
1.22836256
1.22836256
1.22836256
1.22836256
1.22836256
1.22836256
1.31318569
1.31318569
1.31318569
1.31318569
1.31318569
1.31318569
1.31318569
1.31318569
1.39800882
1.39800882
1.39800882
1.39800882
1.39800882
1.39800882
1.39800882
1.39800882
1.48283148
1.48283148
1.48283148
1.48283148
1.48283148
1.48283148
1.48283148
1.48283148
1.56765461
1.56765461
1.56765461
1.56765461
1.56765461
1.56765461
1.56765461
1.56765461
1.65247774
1.65247774
1.65247774
1.65247774
1.65247774
1.65247774
1.65247774
1.65247774
1.73730087
1.73730087
1.73730087
1.73730087
1.73730087
1.73730087
1.73730087
1.73730087
1.82212353
1.82212353
1.82212353
1.82212353
1.82212353
1.82212353
1.82212353
1.82212353
1.90694714
1.90694714
1.90694714
1.90694714
1.90694714
1.90694714
1.90694714
1.90694714
1.99176979
1.99176979
1.99176979
1.99176979
1.99176979
1.99176979
1.99176979
1.99176979
2.07659245
2.07659245
2.07659245
2.07659245
2.07659245
2.07659245
2.07659245
2.07659245
2.16141605
2.16141605
2.16141605
2.16141605
2.16141605
2.16141605
2.16141605
2.16141605
2.24623871
2.24623871
2.24623871
2.24623871
2.24623871
2.24623871
2.24623871
2.24623871
2.33106136
2.33106136
2.33106136
2.33106136
2.33106136
2.33106136
2.33106136
2.33106136
2.41588497
2.41588497
2.41588497
2.41588497
2.41588497
2.41588497
2.41588497
2.41588497
2.50070763
2.50070763
2.50070763
2.50070763
2.50070763
2.50070763
2.50070763
2.50070763
2.58081818
2.58081818
2.58081818
2.58081818
2.58081818
2.58081818
2.58081818
2.58081818
2.66564178
2.66564178
2.66564178
2.66564178
2.66564178
2.66564178
2.66564178
2.66564178
2.75046444
2.75046444
2.75046444
2.75046444
2.75046444
2.75046444
2.75046444
2.75046444
2.83528709
2.83528709
2.83528709
2.83528709
2.83528709
2.83528709
2.83528709
2.83528709
2.9201107
2.9201107
2.9201107
2.9201107
2.9201107
2.9201107
2.9201107
2.9201107
3.00493336
3.00493336
3.00493336
3.00493336
3.00493336
3.00493336
3.00493336
3.00493336
3.08975601
3.08975601
3.08975601
3.08975601
3.08975601
3.08975601
3.08975601
3.08975601
3.17457962
3.17457962
3.17457962
3.17457962
3.17457962
3.17457962
3.17457962
3.17457962
3.25940228
3.25940228
3.25940228
3.25940228
3.25940228
3.25940228
3.25940228
3.25940228
3.34422588
3.34422588
3.34422588
3.34422588
3.34422588
3.34422588
3.34422588
3.34422588
3.42904854
3.42904854
3.42904854
3.42904854
3.42904854
3.42904854
3.42904854
3.42904854
3.51387119
3.51387119
3.51387119
3.51387119
3.51387119
3.51387119
3.51387119
3.51387119
3.5986948
3.5986948
3.5986948
3.5986948
3.5986948
3.5986948
3.5986948
3.5986948
3.68351746
3.68351746
3.68351746
3.68351746
3.68351746
3.68351746
3.68351746
3.68351746
3.76834011
3.76834011
3.76834011
3.76834011
3.76834011
3.76834011
3.76834011
3.76834011
3.85316372
3.85316372
3.85316372
3.85316372
3.85316372
3.85316372
3.85316372
3.85316372
3.93798637
3.93798637
3.93798637
3.93798637
3.93798637
3.93798637
3.93798637
3.93798637
4.02280903
4.02280903
4.02280903
4.02280903
4.02280903
4.02280903
4.02280903
4.02280903
4.10763264
4.10763264
4.10763264
4.10763264
4.10763264
4.10763264
4.10763264
4.10763264
4.19245529
4.19245529
4.19245529
4.19245529
4.19245529
4.19245529
4.19245529
4.19245529
4.2772789
4.2772789
4.2772789
4.2772789
4.2772789
4.2772789
4.2772789
4.2772789
4.36210155
4.36210155
4.36210155
4.36210155
4.36210155
4.36210155
4.36210155
4.36210155
4.44692421
4.44692421
4.44692421
4.44692421
4.44692421
4.44692421
4.44692421
4.44692421
4.53174782
4.53174782
4.53174782
4.53174782
4.53174782
4.53174782
4.53174782
4.53174782
4.61657047
4.61657047
4.61657047
4.61657047
4.61657047
4.61657047
4.61657047
4.61657047
