1651 9 13000 1 514 a
1021
1023
1036
1069
1133
1181
1204
1200
1191
1157
1128
1080
1154
1160
1127
1101
1064
1083
1084
1120
1176
1206
1220
1231
1221
1188
1158
1155
1202
1227
1192
1156
1148
1158
1169
1178
1200
1253
1251
1265
1267
1240
1205
1217
1276
1319
1276
1254
1256
1257
1262
1270
1310
1315
1316
1319
1322
1308
1274
1315
1362
1403
1405
1388
1384
1384
1379
1380
1407
1409
1401
1398
1388
1384
1395
1434
1469
1510
1547
1543
1537
1529
1506
1506
1525
1516
1500
1490
1485
1469
1543
1574
1582
1626
1691
1728
1712
1688
1668
1650
1666
1657
1636
1614
1591
1618
1692
1731
1748
1781
1834
1889
1891
1891
1836
1812
1826
1794
1786
1755
1751
1803
1859
1899
1918
1942
1985
2044
2079
2038
1973
1976
1983
1983
1942
1894
1938
1978
2019
2068
2066
2095
2137
2180
2216
2212
2153
2150
2151
2140
2113
2076
2113
2149
2171
2219
2214
2244
2275
2304
2335
2362
2322
2305
2296
2281
2251
2265
2299
2314
2351
2372
2365
2374
2406
2432
2459
2472
2481
2457
2438
2405
2424
2451
2468
2481
2501
2518
2498
2512
2526
2536
2550
2581
2640
2613
2576
2545
2593
2633
2638
2652
2658
2667
2635
2630
2636
2642
2647
2693
2752
2754
2718
2699
2738
2785
2805
2803
2814
2800
2760
2738
2737
2738
2754
2798
2839
2855
2817
2820
2852
2900
2935
2924
2931
2900
2850
2805
2788
2801
2833
2874
2906
2947
2910
2919
2948
2993
3052
3044
3040
2970
2928
2879
2847
2864
2900
2932
2964
3001
2950
2974
3003
3035
3073
3109
3081
3004
2968
2908
2863
2896
2925
2953
2988
3018
2984
3013
3039
3071
3098
3131
3114
3056
2997
2946
2903
2910
2946
2972
3012
3034
2996
3004
3035
3065
3092
3104
3084
3045
2973
2932
2912
2905
2933
2963
2990
3025
2969
2971
2998
3037
3055
3050
3036
3008
2955
2913
2917
2897
2899
2940
2962
2976
2920
2890
2933
2972
2979
2966
2964
2948
2901
2866
2862
2862
2844
2885
2917
2909
2856
2811
2844
2884
2892
2874
2873
2869
2854
2817
2816
2819
2817
2829
2857
2821
2779
2736
2735
2755
2761
2763
2770
2774
2739
2740
2743
2752
2749
2760
2743
2696
2670
2654
2586
2602
2600
2606
2621
2627
2609
2613
2630
2644
2653
2665
2589
2562
2536
2512
2448
2410
2422
2443
2468
2482
2468
2475
2497
2522
2542
2501
2441
2402
2379
2360
2300
2235
2240
2266
2295
2323
2312
2321
2343
2385
2387
2333
2283
2238
2226
2220
2145
2098
2043
2113
2125
2152
2143
2151
2189
2227
2200
2158
2107
2065
2065
2043
1994
1955
1910
1935
1974
1996
1994
2006
2044
2075
2029
1999
1964
1931
1934
1902
1871
1838
1809
1776
1820
1836
1850
1862
1897
1874
1853
1821
1800
1774
1782
1758
1736
1713
1688
1669
1648
1676
1695
1727
1710
1679
1662
1645
1624
1613
1628
1617
1605
1585
1575
1548
1499
1521
1550
1582
1547
1492
1488
1475
1472
1449
1487
1494
1482
1482
1464
1429
1431
1377
1417
1431
1380
1344
1332
1320
1317
1325
1368
1395
1392
1416
1373
1332
1292
1267
1315
1311
1272
1226
1196
1211
1204
1237
1282
1334
1324
1332
1294
1255
1224
1189
1231
1230
1185
1144
1110
1100
1106
1157
1208
1257
1282
1273
1243
1204
1165
1137
1172
1152
1117
1087
1050
1036
1052
1104
1163
1216
1264
1240
1200
1176
1137
1110
1146
1114
1094
1065
1027
1000
1018
1064
1131
1195
1227
1217
1188
1154
1128
1093
1139
1117
1089
1052
1026
1024
1037
1076
1139
1191
1202
1219
1192
1160
1135
1104
1158
1155
1128
1093
1064
1074
1257
1114
1166
1210
1224
1231
1230
1195
1156
1144
1202
1216
1189
1136
1147
1156
1162
1168
1222
1245
1255
1256
1268
1240
1198
1215
1263
1323
1276
1258
1251
1255
1257
1273
1304
1309
1316
1317
1314
1308
1268
1312
1353
1402
1396
1380
1343
1380
1366
1368
1391
1403
1401
1390
1383
1382
1393
1427
1461
1494
1545
1540
1531
1516
1506
1499
1524
1511
1506
1497
1478
1494
1539
1577
1596
1637
1682
1728
1703
1676
1666
1646
1673
1656
1637
1615
1594
1627
1697
1726
1751
1774
1834
1894
1889
1862
1837
1810
1819
1815
1783
1756
1748
1803
1855
1905
1909
1944
1998
2050
2077
2036
2006
1977
1977
1980
1940
1899
1927
1974
2021
2066
2063
2095
2137
2180
2220
2198
2156
2147
2141
2141
2147
2052
2103
2124
2168
2217
2205
2235
2268
2295
2331
2357
2309
2291
2277
2203
2225
2244
2260
2299
2369
2351
2338
2361
2385
2410
2431
2455
2460
2435
2420
2394
2400
2434
2454
2463
2488
2504
2489
2501
2513
2530
2536
2562
2624
2591
2564
2528
2568
2620
2628
2640
2645
2648
2627
2629
2626
2637
2643
2678
2730
2736
2696
2654
2618
2655
2693
2688
2661
2625
2582
2536
2495
2536
2503
2551
2526
2486
2431
2400
2369
2414
2426
2427
2409
2359
2303
2263
2226
2271
2241
2277
2316
2276
2225
2162
2205
2219
2270
2257
2255
2261
2148
2101
2071
2071
2096
2132
2171
2179
2123
2096
2131
2169
2199
2208
2197
2142
2081
2030
2009
2021
2052
2082
2112
2141
2080
2096
2126
2138
2183
2210
2200
2136
2080
2025
1978
2012
2036
2073
2101
2135
2083
2099
2125
2160
2190
2228
2196
2139
2079
2019
1994
2020
2046
2072
2107
2136
2077
2082
2116
2144
2177
2190
2183
2129
2071
2022
2015
2013
2042
2079
2109
2130
2073
2063
2107
2134
2184
2167
2152
2124
2063
2038
2033
2046
2042
2083
2120
2122
2109
2057
2098
2139
2154
2149
2148
2135
2086
2057
2058
2057
2056
2100
2148
2118
2075
2034
2083
2119
2118
2121
2129
2128
2089
2077
2078
2087
2088
2115
2147
2109
2070
2038
2056
2079
2089
2097
2104
2118
2092
2093
2104
2115
2138
2093
2130
2112
2089
2052
2025
2044
2067
2073
2091
2118
2090
2112
2125
2146
2169
2174
2122
2113
2080
2061
2011
1992
2022
2058
2076
2100
2086
2091
2127
2154
2186
2165
2109
2089
2077
2061
2010
1959
1995
2024
2065
2084
2088
2097
2140
2177
2205
2155
2093
2082
2088
2064
2023
1980
1957
2013
2050
2081
2082
2096
2146
2197
2180
2144
2107
2081
2088
2065
2034
2009
1972
2006
2062
2086
2089
2105
2162
2195
2159
2126
2112
2079
2095
2095
2072
2034
2017
2019
2063
2082
2101
2127
2142
2158
2142
2121
2108
2084
2106
2103
2092
2071
2050
2042
2050
2075
2104
2140
2125
2118
2100
2088
2081
2075
2109
2098
2096
2086
2081
2062
2022
2063
2097
2132
2104
2076
2072
2062
2059
2066
2106
2116
2118
2117
2115
2085
2035
2062
2100
2132
2090
2066
2042
2046
2050
2065
2117
2140
2144
2169
2133
2096
2052
2056
2102
2113
2077
2047
2019
2016
2027
2061
2113
2158
2171
2178
2141
2110
2072
2061
2102
2100
2062
1944
1999
1994
1999
2055
2112
2169
2187
2170
2146
2109
2076
2056
2108
2088
2057
2022
1995
1983
1999
2056
2109
2164
2209
2173
2141
2118
2080
2056
2112
2076
2052
2020
1998
1959
1996
2049
2107
2160
2191
2174
2145
2114
2083
2052
2103
2093
2064
2026
2000
1990
1999
2054
2102
2161
2172
2171
2143
2100
2072
2050
2106
2111
2069
2036
2004
2014
2020
2055
2101
2142
2145
2159
2120
2097
2020
2058
2080
2116
2078
2039
1988
2027
2029
2043
2092
2108
2107
2116
2119
2076
2036
2046
2094
2144
2098
2061
2053
2056
2054
2054
2090
2087
2091
2094
2083
2063
2021
2052
2096
2138
2116
2096
2081
2077
2060
2054
2082
2080
2064
2054
2039
2117
2020
2053
2082
2109
2136
2124
2101
2089
2069
2052
2072
2060
2040
2023
1991
1985
2038
2056
2082
2096
2146
2161
2135
2115
2082
2058
