1651 9 d6c0 1 352 10
2.00148535
1.99860334
1.99951243
2.00311041
2.00249481
2.00651956
2.00759244
2.01040506
2.01574206
2.00829124
2.00700855
2.00453806
2.00553441
2.00545549
2.0033195
1.999681
1.99384415
1.99093568
1.99110651
1.98904049
1.99157596
1.9886409
1.99020946
1.99290431
2.00071526
2.02477407
2.02060509
2.02093482
2.02060127
2.02116227
2.02009964
2.01596761
2.01376915
1.9952457
1.99748147
1.99514103
1.99308491
1.99466372
1.99770856
2.00257277
1.99798298
1.99077058
1.99458122
1.99947357
2.00393558
2.00188041
1.9983964
2.00693226
2.01165676
2.01478171
2.01445532
2.01252604
2.00849056
2.00963545
2.0129776
2.00271893
1.99778831
2.0092802
2.00733805
2.00737643
2.00911713
2.01154089
2.00995207
2.01184177
2.00623226
1.99888551
2.00167561
2.00114107
2.00595737
2.00453186
2.00526047
2.00365329
2.01691365
2.01479077
2.01360345
2.00944662
2.0026145
2.00062132
2.00050974
2.00060201
1.9849453
1.9864403
1.98398018
1.99598169
1.99923718
2.00140047
1.99789107
1.99504912
1.94150519
1.9308064
1.9286139
1.92468572
1.92477596
1.93791449
1.94535148
1.95383763
2.02298546
2.05351901
2.06363988
2.06624913
2.06432843
2.02456045
2.02051425
2.01718593
2.01341343
1.99125695
1.98220944
1.97085178
1.97162628
1.99623585
1.99986696
2.00172138
1.99078274
1.99013603
1.99682462
2.00668001
2.01049733
2.01417279
2.01633167
2.01500726
2.03557801
2.03658271
2.03399539
2.02990007
2.02856302
2.02716446
2.02122855
2.0188632
2.00123501
1.9922924
1.9908551
1.99039459
1.99151361
1.99632764
1.99860203
2.00086284
2.01057339
2.01737499
2.0187819
2.01914024
2.01774764
2.01742291
2.01703739
2.01836181
2.00887227
1.99681926
1.99252391
1.99139094
1.99268055
1.99848306
1.9970932
1.98981535
1.99440789
2.02912235
2.02321649
2.02636504
2.02441502
2.0097928
2.01052976
2.01433706
2.01984668
1.99570954
2.00061345
2.00038242
2.00330424
2.00428176
2.00345016
2.00479126
2.00372076
2.03073692
2.03436017
2.03273106
2.02627254
2.02736902
2.02518606
2.01694298
1.99998593
1.96719253
1.96493852
1.96119201
1.9595567
1.96444941
1.96930313
1.97252095
1.98598623
2.02467513
2.03753471
2.04107046
2.0451746
2.04140425
2.03849459
2.03833199
2.04162073
2.02054453
2.01757026
2.00500345
2.00409532
1.9973712
1.99076271
1.99656534
1.99660325
1.9780488
1.96983504
1.98640656
1.97422934
1.95239651
1.9033035
1.84288311
1.78362596
1.70688975
1.60748303
1.49622285
1.41036606
1.31674254
1.24716246
1.18300319
1.12160158
1.07603443
1.05083227
1.04197586
1.01844466
1.01549947
1.01294351
1.00903845
0.99836129
0.999871969
0.997860551
0.989957094
0.979536295
0.976991117
0.981526375
0.981552482
0.983003557
0.988611341
0.988077939
0.979432106
0.976741731
0.970276952
0.967737556
0.956963062
0.956917167
0.968447804
0.965523005
0.966616809
0.971022606
1.01933503
1.01091444
1.01474166
1.00276923
0.983304858
0.961896896
0.955305755
0.949059725
0.911473513
0.906935453
0.903207779
0.898121238
0.902623653
0.917311132
0.917422473
0.920784414
0.899917722
0.896110535
0.896088958
0.834162951
0.819188654
0.815544188
0.816161335
0.80866015
0.809061587
0.812171578
0.808127105
0.868129909
0.875592172
0.883234799
0.884264648
0.889011085
0.898212194
0.900143981
0.905779123
0.911712646
0.90883255
0.904744983
0.912658989
0.895308793
0.880686104
0.873914123
0.862590551
0.854724526
0.845113695
0.827608287
0.800448477
0.801007569
0.794675231
0.781754971
0.778255582
0.778521538
0.793786645
0.798537374
0.805401325
0.811247766
0.824056447
0.832042038
0.833711863
0.840683579
0.830931664
0.824429154
0.815163434
0.805386603
0.930002332
0.922132015
0.907163441
0.90452826
0.883011103
0.873901725
0.857875228
0.847938895
0.692235947
0.678090811
0.684196115
0.65971452
0.663933158
0.660915554
0.668396831
0.658660769
0.667634845
0.681183934
0.67498225
0.660898089
0.668094516
0.673333526
0.676737487
0.686784804
0.684096634
0.67925173
0.678555548
0.698207498
0.678582311
0.68253988
0.682303488
0.680386007
0.680542707
0.678846061
0.681637526
0.675318539
0.688446164
0.688820183
0.688450873
0.700044215
0.705433965
0.697593749
0.690060318
0.695212901
0.68250823
0.673443317
0.664543509
0.64332372
0.640539467
0.643440545
0.629166603
0.626062989
0.622347116
0.623381734
0.625104904
0.627126575
0.624373436
0.620695055
0.629728317
0.629518151
0.637814581
0.616441607
0.615793645
0.617654502
0.609929383
0.610356212
0.616020799
0.61291033
0.609786749
0.620076716
0.627049744
0.627228856
0.617250621
0.615707219
0.607347846
0.610042214
0.603789926
0.605379403
0.590188801
0.586543858
0.585956991
0.594102502
0.590573251
0.574780345
0.574779928
0.572142661
0.570579648
0.561029553
0.558304846
0.54402101
0.542437553
0.546226323
0.572745085
0.571338236
0.567090333
0.576639473
0.577192962
0.57616663
0.574634552
0.564984202
0.529125035
0.525415182
0.519010663
0.530499637
0.529628038
0.52438587
0.524427712
0.541553497
0.53851974
0.529988647
0.539938271
0.522011101
0.534574986
0.538376987
0.531004131
0.515168846
0.511799455
0.514374316
0.504891515
0.49550426
0.476788163
0.462243259
0.455334127
0.492987543
0.48801893
0.474663615
0.474018514
0.473581225
0.475378305
0.481885195
0.495892763
0.455770552
0.470388889
0.486058056
0.481274068
0.476040244
0.474604487
0.471325338
0.457155526
0.47954011
0.471028596
0.461438864
0.464448452
0.468325257
0.456074178
0.456948638
0.45967266
0.414828181
0.415346891
0.412160933
0.405443788
0.401633441
0.405116975
0.402284324
0.405856729
0.475970328
0.475165874
0.503080189
0.507489145
0.476348221
0.478383541
0.474948823
0.463270009
0.392651349
0.382840753
0.349358022
0.338077933
0.36266017
0.331062168
0.328415781
0.317804515
0.336136281
0.338941962
0.354529142
0.373240411
0.403415799
0.447956562
0.450756431
0.47262758
0.479375601
0.490595937
0.481714964
0.47460252
0.436514556
0.409155011
0.404735714
0.394792289
0.377542049
0.352556229
0.347371221
0.347518563
0.35286206
0.360178083
0.356029958
0.352624387
0.342512429
0.351753026
0.354725242
0.351049244
0.331690311
0.333960384
0.338403314
0.340682507
0.35144341
0.357284844
0.367682606
0.365759015
0.398155302
0.394129753
0.396742493
0.388643026
0.396965742
0.387978405
0.372178972
0.363436341
0.324563354
0.322595596
0.310012579
0.30674839
0.293953419
0.309802175
0.292975068
0.296229392
0.329524606
0.327806234
0.341104716
0.351093531
0.36239174
0.345481992
0.357768804
0.355349958
0.386432827
0.329872847
0.310019165
0.303823531
0.291739374
0.291950405
0.290792048
0.287869334
0.2389002
0.292136133
0.298591226
0.297897816
0.290227324
0.288990289
0.290654361
0.291541576
0.34536466
0.347594947
0.345467925
0.342776835
0.375282109
0.374962777
0.374037683
0.365534484
0.311050385
0.313715249
0.3057459
0.294571489
0.255426824
0.244118229
0.237589389
0.224637747
0.219414547
0.186888993
0.187859222
0.193461061
0.204070762
0.217475325
0.224456698
0.248050064
0.260975778
0.289633423
0.295958221
0.302447438
0.301558614
0.297497213
0.289785981
0.275878191
0.254982412
0.245386899
0.233166084
0.219633341
0.211209267
0.19525975
0.196878359
0.186731055
0.19999525
0.208165959
0.215501487
0.226950288
0.233343974
0.24820818
0.247187018
0.258909583
0.248720169
0.242036
0.278276354
0.27178666
0.268016607
0.249625921
0.236882746
0.212312102
0.249546409
0.217363223
0.165363103
0.184887663
0.176462114
0.179991394
0.183567494
0.197278872
0.143618315
0.164503872
0.168232962
0.147284716
0.156421661
0.139926851
0.144868061
0.151511699
0.158408493
0.172788709
0.17530486
0.173387349
0.167670399
0.187650263
0.185748726
0.183853775
0.171006322
0.17254886
0.174897864
0.173913687
0.17205061
0.176696628
0.178503036
0.178468883
0.194901854
0.186608121
0.187508747
0.172817081
0.188016593
0.176628396
0.167440295
0.164686769
0.161925673
0.164614886
0.159112692
0.171944603
0.156356007
0.164571539
0.166401237
0.185250968
0.215161443
0.20784314
0.206023067
0.203293085
0.196018398
0.180530816
0.17323193
0.146754876
0.106441833
0.0945917591
0.151036769
0.147987366
0.154420897
0.168936044
0.175367117
0.183539212
0.198236376
0.208278567
0.156050742
0.17800498
0.159723848
0.157607824
0.157305926
0.150992349
0.150928587
0.157199532
0.151774451
0.119983472
0.130951464
0.118471831
0.122123733
0.1102999
0.110089675
0.096471034
0.0975109711
0.115703546
0.122505598
0.13424933
0.131647199
0.152119815
0.176125556
0.176051438
0.185158014
0.17369473
0.158085376
0.138157636
0.13087064
0.117569402
0.0956090391
0.0964584798
0.0776432678
0.0944099426
0.104135223
0.0940921232
0.0983252823
0.108380705
0.102929525
0.106816292
0.119403377
0.100399293
0.105838314
0.126929164
0.134451941
0.126194835
0.136380628
0.141125768
0.135621324
0.136769816
0.132620886
0.119441092
0.104455836
0.103941038
0.0860094428
0.0675552711
0.0631022453
-0.00170847028
0.00189855695
0.0112178996
0.0228680409
0.0288221315
0.0448106155
0.05358354
0.0685506463
0.151128769
0.21488665
0.224631801
0.223191172
0.225985944
0.213796094
0.21259594
0.201997161
0.183008999
0.101280838
0.0866894796
0.0748967528
0.0442742109
0.0333611369
0.0291838087
0.0217870139
0.0100327134
0.0205315091
0.0288924314
0.0400467254
0.0635511056
0.0770508796
0.0851206779
0.0808787718
0.0978069752
0.0961682945
0.0993991494
0.0919494778
0.0906460658
0.0880394429
0.0872638151
0.0860017911
0.0831592605
0.0869481713
0.0644990653
0.0724897534
0.0724679828
0.0696560889
0.0577092804
0.0673021227
0.0627001077
0.056326244
0.0866225064
0.0787551478
0.0867807195
0.0768255144
0.0842058957
0.0811916068
0.0806846917
0.0759323686
0.171149194
0.166117743
0.150803268
0.156831279
0.153285518
0.152807638
0.0927518457
0.0989477038
-0.0183892325
-0.027186092
-0.0269140862
-0.0230260231
-0.013441246
-0.0143495053
0.0655237138
0.0660458431
0.0805206001
0.0904737636
0.093830049
0.0912873
0.0801970363
0.077438049
0.0524075888
0.049950324
0.0190450884
0.0182948522
0.0165046006
0.0268353913
0.0143409502
0.0180915259
0.0125148967
0.0134807304
0.0534414835
0.0574838407
0.0594761297
0.0548969954
0.0648745894
0.0633894131
0.0543860681
0.0574186817
0.0417712778
0.0389561057
0.0505050942
0.0371020697
0.0454315655
0.0443710722
0.0593654737
0.0612321049
0.0448533632
0.0584348589
0.0477779843
0.0559405722
0.0505423173
0.0529078767
0.0560441166
0.0515847281
0.0664646551
