hex
3f67a36c
44008000
0
0
3f67a36c
44000000
0
0
c6808e92
86d80000
3f67a36c
44010000
3f67a36c
44008000
3f67a36c
44000000
0
0
0
0
0
0
0
0
0
0
0
0
0
0
0
0
0
0
0
0
0
0
0
0
0
0
0
0
0
0
0
0
0
0
0
0
0
0
3f67a36c
44008000
0
0
3f67a36c
44000000
0
0
c6808e92
86d80000
3f67a36c
44010000
3f67a36c
44008000
3f67a36c
44000000
0
0
0
0
0
0
0
0
0
0
0
0
0
0
0
0
0
0
0
0
0
0
0
0
0
0
0
0
0
0
0
0
0
0
0
0
0
0
3f67a36c
44008000
0
0
3f67a36c
44000000
0
0
c6808e92
86d80000
3f67a36c
44010000
3f67a36c
44008000
3f67a36c
44000000
0
0
0
0
0
0
0
0
0
0
0
0
0
0
0
0
0
0
0
0
0
0
0
0
0
0
0
0
0
0
0
0
0
0
0
0
0
0
3f67a36c
44008000
0
0
3f67a36c
44000000
0
0
c6808e92
86d80000
3f67a36c
44010000
3f67a36c
44008000
3f67a36c
44000000
0
0
0
0
0
0
0
0
0
0
0
0
0
0
0
0
0
0
0
0
0
0
0
0
0
0
0
0
0
0
0
0
0
0
0
0
0
0
0
0
0
0
bf800000
b80000
0
0
bf800000
b80000
3f800000
d88000
3f800000
d80000
3f800000
d80000
3f67a36c
44010000
0
0
0
0
3f67a36c
44010000
0
0
0
0
0
0
0
0
0
0
0
0
0
0
0
0
0
0
0
0
0
0
0
0
0
0
0
0
0
0
b7fee417
30b80000
bf400000
d80000
3eddb3d7
43d88000
37fee417
30b80000
3f400000
d80000
beddb3d7
43d88000
be93cd3a
2db80000
c5deaac8
8ed80000
c640d5db
c8d88000
37fee417
30b80000
3f400000
d80000
beddb3d7
43d88000
bf000000
d80000
3f5db3d7
43d88000
bf000000
d80000
bf5db3d7
43d88000
0
0
0
0
0
0
0
0
0
0
0
0
0
0
0
0
0
0
0
0
0
0
3f67a36c
44008000
0
0
3f67a36c
44000000
0
0
c6808e92
86d80000
3f67a36c
44010000
3f67a36c
44008000
3f67a36c
44000000
0
0
0
0
0
0
0
0
0
0
0
0
0
0
0
0
0
0
0
0
0
0
0
0
0
0
0
0
0
0
0
0
0
0
0
0
0
0
37fee417
30b80000
bf400000
d80000
3eddb3d7
43d88000
b7fee417
30b80000
3f400000
d80000
beddb3d7
43d88000
3e93cd3a
2db80000
c5deaac8
8ed80000
c640d5db
c8d88000
b7fee417
30b80000
3f400000
d80000
beddb3d7
43d88000
bf000000
d80000
3f5db3d7
43d88000
bf000000
d80000
bf5db3d7
43d88000
0
0
0
0
0
0
0
0
0
0
0
0
0
0
0
0
0
0
0
0
0
0
0
0
bf800000
b80000
0
0
bf800000
b80000
0
0
3f800000
d88000
3f800000
d80000
3f800000
d80000
3f67a36c
44010000
0
0
0
0
3f67a36c
44010000
0
0
0
0
0
0
0
0
0
0
0
0
0
0
0
0
0
0
0
0
0
0
0
0
0
0
0
0
0
0
3f67a36c
44008000
0
0
3f67a36c
44000000
0
0
c6808e92
86d80000
3f67a36c
44010000
3f67a36c
44008000
3f67a36c
44000000
0
0
0
0
0
0
0
0
0
0
0
0
0
0
0
0
0
0
0
0
0
0
0
0
0
0
0
0
0
0
0
0
0
0
0
0
0
0
0
0
bf800000
b80000
0
0
0
0
bf800000
b80000
3f800000
d88000
3f800000
d80000
3f800000
d80000
3f67a36c
44008000
0
0
3f67a36c
44008000
0
0
0
0
0
0
0
0
0
0
0
0
0
0
0
0
0
0
0
0
0
0
0
0
0
0
0
0
0
0
0
0
3e93cd3a
2db80000
45deaac8
8ed80000
c640d5db
c8d88000
3f000000
b80000
4640d5db
c8d80000
c6a70016
6bd88000
b7fee417
30b80000
bf400000
d80000
beddb3d7
43d88000
37fee417
30b80000
3f400000
d80000
3eddb3d7
43d88000
3f000000
b80000
c5808e92
86d80000
45deaac8
8ed88000
0
0
0
0
0
0
0
0
0
0
0
0
0
0
0
0
0
0
0
0
0
0
0
0
0
0
0
0
291f1a44
1ed80000
0
0
c6808e92
86d80000
c6c0d5db
c8d80000
3f67a36c
44000000
0
0
0
0
0
0
0
0
0
0
0
0
0
0
0
0
0
0
0
0
0
0
0
0
0
0
0
0
0
0
0
0
0
0
0
0
0
0
0
0
0
0
3f800000
d80000
3f800000
d80000
3f800000
d80000
0
0
0
0
0
0
0
0
0
0
0
0
0
0
0
0
0
0
0
0
0
0
0
0
0
0
0
0
0
0
0
0
0
0
0
0
0
0
0
0
0
0
0
0
0
0
0
0
b7a9ed64
cbb80000
bf000000
d80000
3f5db3d7
43d88000
bf000000
d80000
3f5db3d7
43d88000
3829ed64
cbb80000
3f800000
d80000
3829ed64
cbb80000
3f800000
d80000
bf000000
d80000
bf5db3d7
43d88000
0
0
bf800000
b80000
0
0
bf800000
b80000
0
0
0
0
0
0
0
0
0
0
0
0
0
0
0
0
0
0
0
0
0
0
0
0
bf000000
b80000
c6c0d5db
c8d80000
0
0
bf800000
b80000
bf800000
b80000
0
0
0
0
3f800000
d88000
3f800000
d80000
3f800000
d80000
3f67a36c
44000000
0
0
3f800000
b80000
c6808e92
86d80000
3f67a36c
44000000
0
0
0
0
0
0
0
0
0
0
0
0
0
0
0
0
0
0
0
0
0
0
0
0
0
0
3829ed64
cbb80000
bf000000
d80000
3f5db3d7
43d88000
bf000000
d80000
3f5db3d7
43d88000
b7a9ed64
cbb80000
3f800000
d80000
b7a9ed64
cbb80000
3f800000
d80000
bf000000
d80000
bf5db3d7
43d88000
0
0
bf800000
b80000
bf800000
b80000
0
0
0
0
0
0
0
0
0
0
0
0
0
0
0
0
0
0
0
0
0
0
0
0
0
0
37a9ed64
cbb80000
bf000000
d80000
3f5db3d7
43d88000
bf000000
d80000
3f5db3d7
43d88000
37a9ed64
cbb80000
3f800000
d80000
37a9ed64
cbb80000
3f800000
d80000
bf000000
d80000
bf5db3d7
43d88000
0
0
bf800000
b80000
bf800000
b80000
0
0
0
0
0
0
0
0
0
0
0
0
0
0
0
0
0
0
0
0
0
0
0
0
0
0
3f67a36c
44008000
0
0
3f67a36c
44000000
0
0
c6808e92
86d80000
3f67a36c
44010000
3f67a36c
44008000
3f67a36c
44000000
0
0
0
0
0
0
0
0
0
0
0
0
0
0
0
0
0
0
0
0
0
0
0
0
0
0
0
0
0
0
0
0
0
0
0
0
0
0
be93cd3a
2db80000
45deaac8
8ed80000
c640d5db
c8d88000
bf000000
b80000
4640d5db
c8d80000
c6a70016
6bd88000
37fee417
30b80000
bf400000
d80000
beddb3d7
43d88000
b7fee417
30b80000
3f400000
d80000
3eddb3d7
43d88000
bf000000
b80000
c5808e92
86d80000
45deaac8
8ed88000
0
0
0
0
0
0
0
0
0
0
0
0
0
0
0
0
0
0
0
0
0
0
0
0
0
0
bf800000
b80000
0
0
0
0
bf800000
b80000
0
0
3f800000
d88000
3f800000
d80000
3f800000
d80000
3f67a36c
44008000
0
0
3f67a36c
44008000
0
0
0
0
0
0
0
0
0
0
0
0
0
0
0
0
0
0
0
0
0
0
0
0
0
0
0
0
0
0
0
0
bf000000
b80000
c6c0d5db
c8d80000
bf800000
b80000
0
0
0
0
bf800000
b80000
0
0
3f800000
d88000
3f800000
d80000
3f800000
d80000
3f67a36c
44000000
0
0
bf800000
b80000
c6808e92
86d80000
3f67a36c
44000000
0
0
0
0
0
0
0
0
0
0
0
0
0
0
0
0
0
0
0
0
0
0
0
0
0
0
b7a9ed64
cbb80000
bf000000
d80000
3f5db3d7
43d88000
bf000000
d80000
3f5db3d7
43d88000
b7a9ed64
cbb80000
3f800000
d80000
b7a9ed64
cbb80000
3f800000
d80000
bf000000
d80000
bf5db3d7
43d88000
bf800000
b80000
0
0
0
0
bf800000
b80000
0
0
0
0
0
0
0
0
0
0
0
0
0
0
0
0
0
0
0
0
0
0
0
0
b829ed64
cbb80000
bf000000
d80000
3f5db3d7
43d88000
bf000000
d80000
3f5db3d7
43d88000
37a9ed64
cbb80000
3f800000
d80000
37a9ed64
cbb80000
3f800000
d80000
bf000000
d80000
bf5db3d7
43d88000
bf800000
b80000
0
0
0
0
bf800000
b80000
0
0
0
0
0
0
0
0
0
0
0
0
0
0
0
0
0
0
0
0
0
0
0
0
0
0
291f1a44
1ed80000
0
0
c6808e92
86d80000
c6c0d5db
c8d80000
3f67a36c
44000000
0
0
0
0
0
0
0
0
0
0
0
0
0
0
0
0
0
0
0
0
0
0
0
0
0
0
0
0
0
0
0
0
0
0
0
0
0
0
0
0
0
0
37a9ed64
cbb80000
bf000000
d80000
3f5db3d7
43d88000
bf000000
d80000
3f5db3d7
43d88000
b829ed64
cbb80000
3f800000
d80000
b829ed64
cbb80000
3f800000
d80000
bf000000
d80000
bf5db3d7
43d88000
bf800000
b80000
0
0
bf800000
b80000
0
0
0
0
0
0
0
0
0
0
0
0
0
0
0
0
0
0
0
0
0
0
0
0
0
0
3f800000
d80000
3f800000
d80000
3f800000
d80000
0
0
0
0
0
0
0
0
0
0
0
0
0
0
0
0
0
0
0
0
0
0
0
0
0
0
0
0
0
0
0
0
0
0
0
0
0
0
0
0
0
0
0
0
0
0
0
0
3f800000
d80000
3f800000
d80000
3f800000
d80000
0
0
0
0
0
0
0
0
0
0
0
0
0
0
0
0
0
0
0
0
0
0
0
0
0
0
0
0
0
0
0
0
0
0
0
0
0
0
0
0
0
0
0
0
0
0
0
0
0
0
0
0
0
0
0
0
0
0
0
0
0
0
0
0
0
0
0
0
0
0
0
0
0
0
0
0
0
0
