1651 9 13000 1 514 a
2284
2234
2218
2191
2146
2084
2049
2085
2124
2138
2143
2156
2188
2225
2203
2161
2109
2062
2061
2028
1988
1946
1901
1925
1972
1994
1993
1994
2032
2075
2027
1996
1965
1919
1920
1892
1868
1823
1787
1771
1836
1832
1835
1859
1879
1886
1864
1831
1795
1776
1773
1760
1732
1708
1692
1633
1661
1682
1720
1739
1736
1679
1685
1661
1647
1606
1644
1628
1618
1596
1582
1556
1512
1522
1562
1590
1559
1512
1506
1496
1487
1465
1505
1507
1493
1490
1481
1441
1386
1390
1425
1463
1412
1369
1349
1339
1337
1341
1386
1405
1405
1422
1387
1339
1305
1267
1311
1320
1277
1236
1204
1212
1211
1242
1281
1328
1329
1330
1302
1258
1222
1187
1221
1214
1180
1146
1107
1098
1106
1144
1203
1251
1281
1275
1224
1205
1174
1137
1161
1148
1121
1082
1062
1016
1046
1099
1152
1211
1255
1237
1201
1172
1137
1112
1130
1113
1082
1049
1017
990
1010
1070
1125
1177
1227
1211
1184
1150
1122
1086
1125
1107
1078
1047
1024
1012
1021
1066
1133
1179
1212
1223
1193
1165
1133
1101
1144
1142
1109
1081
1050
1064
1070
1105
1153
1203
1214
1229
1223
1185
1147
1133
1188
1210
1183
1135
1122
1137
1141
1153
1206
1232
1244
1248
1260
1213
1183
1210
1251
1271
1265
1233
1242
1249
1246
1245
1290
1305
1308
1320
1313
1301
1257
1304
1344
1389
1389
1366
1368
1364
1364
1359
1386
1388
1385
1387
1375
1372
1382
1424
1456
1489
1537
1530
1519
1513
1505
1490
1512
1510
1492
1482
1470
1462
1533
1556
1591
1620
1660
1701
1686
1673
1655
1632
1653
1641
1620
1602
1579
1611
1678
1710
1730
1749
1811
1875
1860
1836
1803
1783
1792
1790
1774
1731
1723
1779
1800
1878
1892
1911
1936
2023
2052
2016
1993
1960
1968
1959
1923
1883
1904
1958
2004
2057
2048
2077
2128
2166
2213
2187
2141
2127
2121
2124
2075
2052
2091
2132
2163
2207
2202
2226
2263
2294
2334
2352
2302
2294
2276
2184
2234
2243
2274
2303
2321
2354
2358
2370
2396
2426
2446
2470
2473
2452
2417
2420
2407
2439
2456
2478
2499
2512
2500
2506
2533
2548
2560
2582
2641
2587
2578
2546
2571
2617
2631
2639
2649
2648
2634
2634
2640
2645
2654
2711
2747
2758
2709
2673
2733
2771
2792
2798
2796
2801
2756
2737
2740
2615
2758
2801
2841
2880
2830
2823
2867
2907
2936
2937
2936
2911
2864
2818
2808
2812
2842
2884
2917
2954
2912
2922
2955
2994
3028
3035
3029
2986
2932
2879
2854
2861
2891
2926
2959
2994
2956
2972
3013
3040
3072
3099
3086
3032
2972
2912
2861
2893
2922
2957
2985
3019
2992
3011
3045
3069
3120
3120
3116
3049
2989
2940
2896
2908
2946
2969
3000
3027
2992
3011
3040
3075
3090
3117
3104
3048
2999
2934
2915
2901
2935
2968
3001
3033
2987
2981
3014
3046
3079
3070
3054
3022
2969
2921
2908
2902
2911
2940
2974
2996
2927
2921
2954
2988
3003
2990
2986
2971
2918
2890
2887
2878
2869
2903
2829
2930
2877
2828
2866
2902
2900
2885
2891
2884
2840
2826
2822
2809
2818
2840
2882
2835
2785
2783
2745
2766
2769
2768
2772
2772
2743
2735
2745
2758
2752
2763
2757
2720
2681
2642
2601
2607
2618
2626
2633
2644
2630
2628
2650
2648
2675
2674
2607
2575
2544
2521
2472
2433
2456
2470
2486
2504
2487
2491
2515
2536
2561
2516
2457
2426
2405
2381
2319
2254
2269
2299
2322
2347
2333
2342
2372
2398
2415
2369
2301
2264
2254
2230
2164
2118
2086
2116
2158
2185
2179
2183
2246
2257
2241
2191
2177
2095
2092
2070
2010
1981
1927
1965
2008
2023
2026
2030
2072
2094
2047
2015
1986
1938
1938
1912
1881
1843
1812
1792
1840
1855
1867
1881
1910
1908
1879
1842
1821
1798
1798
1769
1755
1728
1700
1677
1684
1700
1725
1744
1753
1708
1694
1681
1658
1645
1650
1645
1625
1609
1597
1572
1514
1528
1577
1607
1581
1542
1536
1518
1512
1503
1523
1525
1511
1515
1502
1462
1411
1410
1452
1485
1437
1429
1374
1354
1366
1371
1409
1429
1429
1427
1408
1362
1314
1294
1336
1349
1306
1259
1238
1235
1173
1264
1310
1347
1347
1357
1317
1281
1245
1206
1300
1236
1200
1163
1131
1120
1134
1176
1222
1277
1290
1296
1264
1225
1191
1154
1189
1166
1138
1098
1071
1035
1062
1128
1172
1230
1279
1251
1222
1192
1158
1134
1162
1137
1105
1074
1042
1017
1039
1089
1159
1213
1259
1242
1207
1180
1148
1118
1154
1128
1088
1069
1034
1023
1047
1090
1143
1206
1234
1239
1209
1177
1142
1117
1163
1160
1128
1095
1068
1083
1093
1125
1180
1210
1237
1239
1238
1171
1173
1142
1208
1226
1191
1154
1145
1151
1161
1176
1229
1257
1268
1273
1282
1247
1232
1279
1336
1382
1401
1361
1364
1366
1372
1398
1445
1495
1493
1500
1499
1480
1475
1511
1560
1597
1629
1593
1588
1581
1585
1588
1632
1664
1656
1656
1647
1628
1639
1682
1717
1747
1793
1770
1757
1744
1743
1740
1769
1782
1774
1762
1746
1732
1763
1799
1830
1855
1894
1916
1901
1884
1844
1853
1882
1880
1840
1839
1820
1830
1877
1905
1931
1951
1987
2047
2020
1992
1967
1941
1967
1948
1928
1900
1870
1917
1973
1989
2006
2016
2063
2126
2100
2078
2034
2014
2014
2002
1973
1988
1925
1969
2021
2058
2057
2065
2113
2160
2188
2139
2074
2075
2079
2073
2027
1979
1999
2046
2074
2117
2101
2122
2159
2196
2225
2205
2152
2139
2128
2118
2064
2058
2097
2107
2141
2149
2157
2164
2196
2212
2246
2279
2223
2214
2177
2163
2127
2130
2148
2177
2186
2205
2190
2204
2218
2235
2255
2262
2267
2245
2212
2184
2164
2198
2205
2222
2234
2243
2222
2215
2219
2231
2248
2266
2312
2285
2248
2213
2222
2266
2270
2279
2275
2280
2240
2225
2231
2233
2232
2277
2273
2313
2274
2242
2286
2323
2339
2344
2335
2311
2276
2251
2242
2241
2258
2290
2326
2352
2309
2277
2322
2358
2397
2389
2383
2350
2283
2245
2239
2225
2240
2297
2325
2364
2315
2314
2346
2383
2427
2428
2410
2361
2314
2252
2227
2236
2266
2288
2333
2366
2325
2336
2368
2402
2422
2461
2434
2381
2320
2269
2209
2239
2267
2299
2327
2353
2318
2339
2368
2397
2430
2465
2431
2368
2313
2256
2213
2224
2259
2287
2323
2352
2312
2319
2343
2378
2406
2421
2399
2355
2309
2250
2222
2221
2259
2288
2317
2352
2300
2289
2329
2365
2393
2390
2372
2340
2300
2226
2240
2235
2249
2251
2324
2329
2284
2255
2300
2342
2349
2346
2338
2328
2287
2258
2253
2254
2248
2283
2326
2295
2257
2213
2242
2278
2281
2279
2279
2289
2243
2236
2236
2240
2241
2262
2289
2253
2219
2189
2184
2204
2214
2216
2235
2237
2212
2212
2224
2240
2245
2255
2256
2220
2193
2160
2131
2131
2146
2170
2180
2202
2177
2189
2199
2227
2246
2260
2206
2180
2160
2133
2074
2054
2072
2102
2120
2155
2149
2155
2191
2211
2241
2209
2139
2121
2106
2095
2042
1984
2020
2053
2086
2116
2108
2114
2152
2191
2202
2149
2104
2073
2070
2038
2010
1964
1951
1992
2036
2063
2064
2068
2117
2156
2142
2103
2064
2019
2036
2011
1979
1946
1913
1934
1984
2007
2022
2027
2265
2095
2056
2031
2005
1978
1988
1971
1948
1916
1900
1873
1930
1942
1963
1986
2018
2014
1992
1971
1955
1926
1951
1937
1918
1901
1887
1881
1867
1923
1928
1967
1965
1941
1928
1909
1903
1887
1914
1915
1908
1901
1875
1863
1811
1843
1888
1922
1901
1864
1859
1857
1850
1845
1883
1897
1886
1891
1891
1848
1806
1811
1848
1894
1847
1804
1795
1798
1802
1809
1856
1891
