1651 9 13540 1 514 a
2820
2832
2796
2781
2828
2869
2905
2901
2902
2893
2841
2799
2802
2791
2827
2855
2907
2941
2897
2912
2944
2991
3021
3029
3013
2975
2924
2880
2849
2854
2890
2932
2966
2997
2965
2980
3021
3052
3087
3107
3115
3036
2988
2920
2878
2906
2933
2966
3003
3029
3006
3013
3049
3073
3109
3103
3115
3055
3016
2957
2901
2897
2950
2976
3010
3009
3011
3027
3062
3082
3120
3134
3134
3066
3006
2948
2926
2923
2954
2977
3018
3036
2997
3004
3034
3068
3093
3091
3076
3045
2980
2933
2924
2910
2925
2957
2991
3016
2962
2946
2976
3033
3026
3020
3008
2993
2938
2909
2897
2890
2886
2917
2959
2958
2904
2854
2897
2933
2934
2930
2918
2918
2865
2850
2843
2840
2841
2858
2898
2866
2816
2776
2794
2819
2798
2817
2816
2818
2770
2780
2792
2785
2805
2788
2804
2758
2721
2683
2644
2662
2678
2675
2676
2685
2662
2672
2678
2690
2695
2708
2660
2627
2601
2550
2522
2508
2515
2528
2542
2561
2541
2554
2569
2576
2610
2563
2521
2477
2460
2437
2383
2322
2341
2360
2386
2416
2399
2405
2442
2461
2484
2425
2356
2319
2293
2281
2233
2167
2156
2179
2222
2243
2238
2245
2282
2313
2299
2251
2200
2157
2151
2121
2073
2032
1988
2012
2056
2077
2076
2042
2120
2159
2120
2076
2030
1997
1993
1961
1928
1902
1857
1845
1898
1912
1918
1929
1964
1968
1941
1907
1875
1846
1836
1822
1783
1777
1742
1710
1731
1761
1768
1788
1796
1774
1747
1729
1709
1684
1694
1676
1660
1641
1624
1599
1560
1581
1613
1645
1613
1593
1575
1561
1549
1534
1562
1559
1543
1533
1522
1494
1443
1450
1488
1529
1480
1423
1414
1408
1400
1399
1433
1458
1463
1448
1441
1391
1313
1328
1372
1389
1306
1301
1264
1269
1266
1283
1326
1366
1359
1371
1341
1297
1262
1225
1270
1262
1233
1185
1151
1152
1153
1193
1240
1292
1309
1295
1268
1231
1194
1156
1196
1175
1143
1112
1077
1051
1072
1130
1183
1129
1282
1257
1227
1196
1163
1130
1165
1137
1107
1080
1049
1010
1020
1089
1132
1215
1252
1228
1200
1167
1133
1104
1145
1123
1099
1066
1033
1013
1026
1060
1141
1199
1223
1232
1204
1165
1139
1093
1149
1136
1107
1075
1047
1049
1064
1095
1162
1207
1224
1244
1219
1190
1151
1120
1178
1191
1157
973
1112
1119
1122
1141
1186
1230
1242
1246
1250
1211
1174
1188
1225
1273
1246
1202
1206
1206
1212
1216
1274
1284
1291
1292
1299
1267
1237
1264
1315
1359
1346
1320
1315
1316
1316
1317
1351
1365
1359
1358
1356
1352
1346
1381
1422
1459
1484
1472
1462
1462
1453
1449
1470
1467
1455
1449
1461
1419
1479
1511
1539
1579
1624
1645
1625
1617
1606
1591
1600
1597
1575
1563
1530
1554
1631
1662
1683
1709
1766
1829
1804
1786
1763
1738
1753
1749
1715
1696
1665
1739
1780
1827
1834
1856
1917
1979
1994
1961
1930
1900
1906
1906
1874
1834
1848
1896
1945
1993
1997
2029
2070
2125
2167
2131
1957
2071
2067
2070
2028
1988
2034
2071
2104
2153
2153
2181
2219
2258
2295
2312
2255
2242
2230
2287
2183
2173
2210
2242
2272
2288
2304
2330
2356
2391
2407
2437
2410
2398
2378
2362
2337
2372
2390
2415
2436
2457
2446
2463
2486
2500
2530
2537
2565
2555
2515
2498
2519
2552
2580
2581
2600
2610
2591
2592
2601
2610
2627
2664
2712
2700
2662
2623
2671
2720
2735
2741
2746
2744
2712
2698
2707
2718
2713
2762
2807
2825
2781
2768
2816
2854
2885
2886
2877
2870
2825
2794
2821
2787
2813
2853
2924
2933
2878
2885
2919
2964
2996
3000
2985
2957
2907
2857
2845
2850
2885
2922
2945
2983
2953
2962
2999
3030
3068
3093
3068
3019
2965
2905
2870
2884
2924
2949
2987
3013
2983
3013
3045
3071
3101
3136
3112
3050
2993
2937
2898
2914
2948
2975
3008
3039
3001
3024
3055
3086
3117
3138
3128
3043
3019
2954
2915
2914
2951
2980
3004
3044
3005
3011
3041
3074
3099
3093
3086
3044
2994
2934
2921
2944
2930
2956
2997
3012
2960
2954
2983
3016
3035
3026
3012
2995
2941
2908
2899
2883
2899
2924
2896
2964
2911
2868
2902
2940
2918
2933
2928
2920
2929
2854
2848
2845
2834
2865
2908
2869
2820
2777
2790
2822
2823
2822
2820
2821
2790
2781
2783
2784
2786
2788
2805
2768
2723
2679
2658
2663
2674
2680
2686
2694
2666
2662
2679
2693
2697
2700
2667
2632
2602
2568
2525
2509
2522
2531
2543
2561
2550
2555
2573
2589
2607
2585
2521
2488
2466
2438
2381
2320
2343
2365
2385
2406
2397
2403
2434
2461
2483
2433
2360
2316
2307
2266
2223
2144
2151
2134
2216
2243
2239
2239
2274
2310
2299
2247
2195
2149
2145
2121
2063
2025
1966
2014
2046
2043
2044
2044
2061
2104
2067
2025
1993
1970
1980
1978
1940
1901
1867
1883
1922
1925
1945
1944
1970
2019
1973
1943
1916
1893
1905
1909
1874
1851
1819
1793
1841
1848
1877
1895
1915
1922
1899
1878
1856
1837
1858
1866
1849
1819
1800
1786
1785
1810
1844
1867
1877
1851
1837
1823
1795
1794
1823
1837
1790
1814
1803
1784
1726
1775
1809
1846
1834
1796
1790
1777
1774
1769
1808
1824
1823
1814
1813
1769
1723
1743
1789
1833
1791
1752
1741
1744
1743
1747
1797
1828
1830
1874
1819
1776
1733
1723
1772
1802
1759
1705
1690
1690
1677
1737
1785
1839
1848
1854
1815
1786
1753
1727
1774
1777
1747
1710
1682
1669
1663
1730
1780
1836
1849
1862
1852
1787
1760
1704
1775
1770
1737
1695
1675
1654
1671
1751
1787
1840
1889
1876
1836
1819
1770
1743
1782
1773
1737
1704
1679
1647
1671
1732
1786
1846
1895
1875
1846
1813
1783
1750
1795
1787
1753
1728
1689
1677
1693
1748
1801
1860
1880
1880
1846
1817
1782
1755
1806
1808
1773
1738
1705
1712
1658
1751
1813
1859
1871
1870
1854
1815
1785
1759
1821
1849
1801
1774
1751
1755
1762
1775
1840
1853
1864
1863
1870
1826
1796
1800
1836
1889
1848
1803
1772
1809
1806
1809
1848
1865
1865
1864
1868
1842
1795
1838
1875
1918
1907
1886
1877
1864
1868
1863
1890
1895
1885
1879
1861
1853
1843
1871
1910
1942
1975
1967
1944
1932
1919
1897
1928
1908
1899
1886
1873
1851
1901
1930
1956
1978
2017
2042
2023
2000
1970
1954
1970
1963
1932
1908
1888
1906
1954
1982
2004
2022
2069
2121
2088
2053
2031
1995
2002
1979
1956
1927
1902
1962
2006
2033
2055
2045
2109
2155
2161
2090
2077
2047
2048
2038
1996
1957
1962
2007
2046
2077
2082
2101
2134
2174
2217
2179
2132
2101
2096
2090
2039
2013
2051
2080
2115
2155
2141
2153
2184
2208
2254
2239
2185
2170
2154
2143
2096
2086
2113
2136
2166
2182
2168
2181
2204
2223
2243
2263
2248
2221
2192
2162
2145
2161
2183
2192
2209
2224
2205
2197
2213
2239
2246
2259
2302
2257
2225
2187
2175
2238
2229
2251
2249
2264
2232
2220
2218
2230
2237
2268
2311
2303
2257
2216
2254
2305
2311
2313
2311
2310
2262
2238
2235
2233
2245
2290
2327
2332
2291
2246
2305
2341
2371
2368
2358
2334
2283
2241
2229
2219
2253
2292
2324
2350
2303
2301
2338
2372
2412
2415
2406
2357
2311
2249
2453
2236
2265
2303
2333
2367
2320
2329
2358
2390
2422
2452
2423
2370
2314
2265
2214
2236
2269
2299
2328
2358
2322
2333
2367
2397
2432
2475
2438
2394
2326
2259
2217
2228
2269
2305
2328
2363
2315
2325
2362
2386
2405
2439
2428
2372
2314
2258
2238
2235
2270
2302
2330
2368
2318
2316
2355
2384
2414
2415
2401
2370
2319
2270
2254
2248
2275
2303
2338
2353
2307
2286
