1651 9 13a80 1 514 10
6.08683586
6.08683586
6.11039829
6.11039829
6.12924767
6.12924767
6.15280914
6.15280914
6.17165947
6.17165947
6.19050884
6.19050884
6.21407032
6.21407032
6.23291969
6.23291969
6.25648212
6.25648212
6.2753315
6.2753315
0.0157079697
0.0157079697
0.0345573425
0.0345573425
0.0581188202
0.0581188202
0.0769681931
0.0769681931
0.100530624
0.100530624
0.119379997
0.119379997
0.142942429
0.142942429
0.161791801
0.161791801
0.185353279
0.185353279
0.204203606
0.204203606
0.227765083
0.227765083
0.246614456
0.246614456
0.270176888
0.270176888
0.28902626
0.28902626
0.312587738
0.312587738
0.331438065
0.331438065
0.354999542
0.354999542
0.373848915
0.373848915
0.397411346
0.397411346
0.416260719
0.416260719
0.439822197
0.439822197
0.458672523
0.458672523
0.482234001
0.482234001
0.501083374
0.501083374
0.524645805
0.524645805
0.543495178
0.543495178
0.567056656
0.567056656
0.585906982
0.585906982
0.60946846
0.60946846
0.628317833
0.628317833
0.651880264
0.651880264
0.670729637
0.670729637
0.694292068
0.694292068
0.713141441
0.713141441
0.736702919
0.736702919
0.755552292
0.755552292
0.779114723
0.779114723
0.797964096
0.797964096
0.821526527
0.821526527
0.8403759
0.8403759
0.863937378
0.863937378
0.882786751
0.882786751
0.906349182
0.906349182
0.925198555
0.925198555
0.948760986
0.948760986
0.967610359
0.967610359
0.991171837
0.991171837
1.01002216
1.01002216
1.02887154
1.02887154
1.05243301
1.05243301
1.07128239
1.07128239
1.09484482
1.09484482
1.11369419
1.11369419
1.13725662
1.13725662
1.156106
1.156106
1.17966747
1.17966747
1.19851685
1.19851685
1.22207928
1.22207928
1.24092865
1.24092865
1.26449108
1.26449108
1.28334045
1.28334045
1.30690193
1.30690193
1.32575226
1.32575226
1.34931374
1.34931374
1.36816311
1.36816311
1.39172554
1.39172554
1.41057491
1.41057491
1.43413639
1.43413639
1.45298672
1.45298672
1.47654819
1.47654819
1.49539757
1.49539757
1.51896
1.51896
1.53780937
1.53780937
1.56137085
1.56137085
1.58022118
1.58022118
1.60378265
1.60378265
1.62263203
1.62263203
1.64619446
1.64619446
1.66504383
1.66504383
1.68860531
1.68860531
1.70745564
1.70745564
1.73101711
1.73101711
1.74986649
1.74986649
1.77342892
1.77342892
1.79227829
1.79227829
1.81584072
1.81584072
1.83469009
1.83469009
1.85825157
1.85825157
1.87710094
1.87710094
1.90066338
1.90066338
1.91951275
1.91951275
1.94307518
1.94307518
1.96192455
1.96192455
1.98548603
1.98548603
2.0043354
2.0043354
2.02789783
2.02789783
2.04674721
2.04674721
2.07030964
2.07030964
2.08915901
2.08915901
2.11272049
2.11272049
2.13157082
2.13157082
2.15513229
2.15513229
2.17398167
2.17398167
2.1975441
2.1975441
2.21639347
2.21639347
2.23995495
2.23995495
2.25880527
2.25880527
2.28236675
2.28236675
2.30121613
2.30121613
2.32477856
2.32477856
2.34362793
2.34362793
2.36718941
2.36718941
2.38603973
2.38603973
2.40960121
2.40960121
2.42845058
2.42845058
2.45201302
2.45201302
2.47086239
2.47086239
2.49442387
2.49442387
2.51327419
2.51327419
2.53683567
2.53683567
2.55568504
2.55568504
2.57924747
2.57924747
2.59809685
2.59809685
2.62165928
2.62165928
2.64050865
2.64050865
2.65935802
2.65935802
2.6829195
2.6829195
2.70176983
2.70176983
2.72533131
2.72533131
2.74418068
2.74418068
2.76774311
2.76774311
2.78659248
2.78659248
2.81015396
2.81015396
2.82900429
2.82900429
2.85256577
2.85256577
2.87141514
2.87141514
2.89497757
2.89497757
2.91382694
2.91382694
2.93738937
2.93738937
2.95623875
2.95623875
2.97980022
2.97980022
2.9986496
2.9986496
3.02221203
3.02221203
3.0410614
3.0410614
3.06462383
3.06462383
3.08347321
3.08347321
3.10703468
3.10703468
3.12588406
3.12588406
3.14944649
3.14944649
3.16829586
3.16829586
3.19185829
3.19185829
3.21070766
3.21070766
3.23426914
3.23426914
3.25311947
3.25311947
3.27668095
3.27668095
3.29553032
3.29553032
3.31909275
3.31909275
3.33794212
3.33794212
3.3615036
3.3615036
3.38035393
3.38035393
3.40391541
3.40391541
3.42276478
3.42276478
3.44632721
3.44632721
3.46517563
3.46517563
3.48873901
3.48873901
3.50758743
3.50758743
3.53115082
3.53115082
3.54999924
3.54999924
3.57356071
3.57356071
3.59241104
3.59241104
3.61597252
3.61597252
3.63482285
3.63482285
3.65838432
3.65838432
3.67723465
3.67723465
3.70079613
3.70079613
3.71964645
3.71964645
3.74320793
3.74320793
3.76205635
3.76205635
3.78561974
3.78561974
3.80446815
3.80446815
3.82802963
3.82802963
3.84687996
3.84687996
3.87044144
3.87044144
3.88929176
3.88929176
3.91285324
3.91285324
3.93170357
3.93170357
3.95526505
3.95526505
3.97411537
3.97411537
3.99767685
3.99767685
4.01652527
4.01652527
4.04008865
4.04008865
4.05893707
4.05893707
4.08250046
4.08250046
4.10134888
4.10134888
4.12491035
4.12491035
4.14376068
4.14376068
4.16732216
4.16732216
4.18617249
4.18617249
4.20973396
4.20973396
4.22858429
4.22858429
4.25214577
4.25214577
4.27099419
4.27099419
4.28984451
4.28984451
4.31340599
4.31340599
4.33225632
4.33225632
4.35581779
4.35581779
4.37466812
4.37466812
4.3982296
4.3982296
4.41707993
4.41707993
4.4406414
4.4406414
4.45948982
4.45948982
4.48305321
4.48305321
4.50190163
4.50190163
4.52546501
4.52546501
4.54431343
4.54431343
4.56787491
4.56787491
4.58672523
4.58672523
4.61028671
4.61028671
4.62913704
4.62913704
4.65269852
4.65269852
4.67154884
4.67154884
4.69511032
4.69511032
4.71396065
4.71396065
4.73752213
4.73752213
4.75637054
4.75637054
4.77993393
4.77993393
4.79878235
4.79878235
4.82234383
4.82234383
4.84119415
4.84119415
4.86475563
4.86475563
4.88360596
4.88360596
4.90716743
4.90716743
4.92601776
4.92601776
4.94957924
4.94957924
4.96842957
4.96842957
4.99199104
4.99199104
5.01083946
5.01083946
5.03440285
5.03440285
5.05325127
5.05325127
5.07681274
5.07681274
5.09566307
5.09566307
5.11922455
5.11922455
5.13807487
5.13807487
5.16163635
5.16163635
5.18048668
5.18048668
5.20404816
5.20404816
5.22289848
5.22289848
5.24645996
5.24645996
5.26530838
5.26530838
5.28887177
5.28887177
5.30772018
5.30772018
5.33128357
5.33128357
5.35013199
5.35013199
5.37369347
5.37369347
5.39254379
5.39254379
5.41610527
5.41610527
5.4349556
5.4349556
5.45851707
5.45851707
5.4773674
5.4773674
5.50092888
5.50092888
5.51977921
5.51977921
5.54334068
5.54334068
5.5621891
5.5621891
5.58575249
5.58575249
5.60460091
5.60460091
5.62816238
5.62816238
5.64701271
5.64701271
5.67057419
5.67057419
5.68942451
5.68942451
5.71298599
5.71298599
5.73183632
5.73183632
5.7553978
5.7553978
5.77424812
5.77424812
5.7978096
5.7978096
5.81665802
5.81665802
5.84022141
5.84022141
5.85906982
5.85906982
5.88263321
5.88263321
5.90148163
5.90148163
5.92033195
5.92033195
5.94389343
5.94389343
5.96274376
5.96274376
5.98630524
5.98630524
6.00515366
6.00515366
6.02871704
6.02871704
6.04756546
6.04756546
6.07112694
6.07112694
6.08997726
6.08997726
6.11353874
6.11353874
6.13238907
6.13238907
6.15595055
6.15595055
6.17480087
6.17480087
6.19836235
6.19836235
6.21721268
6.21721268
6.24077415
6.24077415
6.25962257
6.25962257
0.0
0.0
0.0188495573
0.0188495573
0.0424115025
0.0424115025
0.0612610616
0.0612610616
0.0848230049
0.0848230049
0.103672564
0.103672564
0.127234519
0.127234519
0.14608407
0.14608407
0.16964601
0.16964601
0.188495576
0.188495576
0.212057516
0.212057516
0.230907083
0.230907083
0.254469037
0.254469037
0.273318589
0.273318589
0.296880513
0.296880513
0.315730095
0.315730095
0.33929202
0.33929202
0.358141601
0.358141601
0.381703526
0.381703526
0.400553077
0.400553077
0.424115032
0.424115032
0.442964584
0.442964584
0.466526538
0.466526538
0.48537609
0.48537609
0.508938074
0.508938074
0.527787626
0.527787626
0.551349521
0.551349521
0.570199132
0.570199132
0.593761027
0.593761027
0.612610638
0.612610638
0.636172533
0.636172533
0.655022144
0.655022144
0.678584039
0.678584039
0.697433591
0.697433591
0.720995545
0.720995545
0.739845097
0.739845097
0.763407052
0.763407052
0.782256603
0.782256603
0.805818558
0.805818558
0.824668109
0.824668109
0.848230064
0.848230064
0.867079616
0.867079616
0.89064157
0.89064157
0.909491122
0.909491122
0.933053076
0.933053076
0.951902628
0.951902628
0.975464582
0.975464582
0.994314134
0.994314134
1.01787615
1.01787615
1.03672564
1.03672564
1.06028759
1.06028759
1.07913721
1.07913721
1.10269904
1.10269904
1.12154865
1.12154865
1.14511061
1.14511061
1.16396022
1.16396022
1.18752205
1.18752205
1.20637167
1.20637167
1.22993362
1.22993362
1.24878311
1.24878311
1.27234507
1.27234507
1.29119468
1.29119468
1.31004429
1.31004429
1.33360612
1.33360612
1.35245574
1.35245574
1.37601769
1.37601769
1.39486718
1.39486718
1.41842914
1.41842914
1.43727875
1.43727875
1.4608407
1.4608407
1.47969019
1.47969019
1.50325215
1.50325215
1.52210176
1.52210176
1.54566371
1.54566371
1.56451321
1.56451321
1.58807516
1.58807516
1.60692477
1.60692477
1.63048673
1.63048673
1.64933622
1.64933622
1.67289817
1.67289817
1.69174778
1.69174778
1.71530974
1.71530974
1.73415923
1.73415923
1.75772119
1.75772119
1.7765708
1.7765708
1.80013275
1.80013275
1.81898224
1.81898224
1.8425442
1.8425442
1.86139381
1.86139381
1.88495576
1.88495576
1.90380526
1.90380526
1.92736721
1.92736721
1.94621682
1.94621682
1.96977878
1.96977878
1.98862827
1.98862827
2.01219034
2.01219034
2.03103971
2.03103971
2.05460167
2.05460167
2.07345128
2.07345128
2.09701324
2.09701324
2.11586285
2.11586285
2.1394248
2.1394248
2.15827441
2.15827441
2.18183637
2.18183637
2.20068574
2.20068574
2.22424769
2.22424769
2.24309731
2.24309731
2.26665926
2.26665926
2.28550887
2.28550887
2.30907083
2.30907083
2.32792044
2.32792044
2.35148215
2.35148215
2.37033176
2.37033176
2.38918138
2.38918138
2.41274333
2.41274333
2.43159294
2.43159294
2.4551549
2.4551549
2.47400451
2.47400451
2.49756622
2.49756622
2.51641583
2.51641583
2.53997779
2.53997779
2.5588274
2.5588274
2.58238935
2.58238935
2.60123897
2.60123897
2.62480092
2.62480092
2.64365029
2.64365029
2.66721225
2.66721225
2.68606186
2.68606186
2.70962381
2.70962381
2.72847342
2.72847342
2.75203538
2.75203538
2.77088499
2.77088499
2.79444695
2.79444695
2.81329632
2.81329632
2.83685827
2.83685827
2.85570788
2.85570788
2.87926984
2.87926984
2.89811945
2.89811945
2.9216814
2.9216814
2.94053102
2.94053102
2.96409297
2.96409297
2.98294234
2.98294234
3.0065043
3.0065043
3.02535391
3.02535391
3.04891586
3.04891586
3.06776547
3.06776547
3.09132743
3.09132743
3.11017704
3.11017704
3.13373899
3.13373899
3.15258837
3.15258837
3.17615032
3.17615032
3.19499993
3.19499993
3.21856189
3.21856189
3.2374115
3.2374115
3.26097345
3.26097345
3.27982306
3.27982306
3.30338502
3.30338502
3.32223439
3.32223439
3.34579635
3.34579635
3.36464596
3.36464596
3.38820791
3.38820791
3.40705752
3.40705752
3.43061948
3.43061948
3.44946909
3.44946909
3.47303104
3.47303104
3.49188042
3.49188042
3.51544237
3.51544237
3.53429198
3.53429198
3.55785394
3.55785394
3.57670355
3.57670355
3.6002655
3.6002655
3.61911488
3.61911488
3.64267683
3.64267683
3.66152644
3.66152644
3.6850884
3.6850884
3.70393801
3.70393801
3.72749996
3.72749996
3.74634957
3.74634957
3.76991153
3.76991153
3.7887609
3.7887609
3.81232285
3.81232285
3.83117247
3.83117247
3.85473442
3.85473442
3.87358403
3.87358403
3.89714599
3.89714599
3.9159956
3.9159956
3.93955755
3.93955755
3.95840693
3.95840693
3.98196888
3.98196888
4.00081873
4.00081873
4.02438068
4.02438068
4.04323006
4.04323006
4.06207943
4.06207943
4.08564138
4.08564138
4.10449123
4.10449123
4.12805319
4.12805319
4.14690256
4.14690256
4.17046452
4.17046452
4.18931389
4.18931389
4.21287584
4.21287584
4.23172569
4.23172569
4.25528765
4.25528765
4.27413702
4.27413702
4.29769897
4.29769897
4.31654882
4.31654882
4.34011078
4.34011078
4.35896015
4.35896015
4.38252211
4.38252211
4.40137148
4.40137148
4.42493343
4.42493343
4.44378328
4.44378328
4.46734524
4.46734524
4.48619461
4.48619461
4.50975657
4.50975657
4.52860594
4.52860594
4.55216789
4.55216789
4.57101774
4.57101774
4.5945797
4.5945797
4.61342907
4.61342907
4.63699102
4.63699102
4.65584087
4.65584087
4.67940283
4.67940283
4.6982522
4.6982522
4.72181416
4.72181416
4.74066353
4.74066353
4.76422548
4.76422548
4.78307533
4.78307533
4.80663729
4.80663729
4.82548666
4.82548666
4.84904861
4.84904861
4.86789799
4.86789799
4.89145994
4.89145994
4.91030979
4.91030979
4.93387175
4.93387175
4.95272112
4.95272112
4.97628307
4.97628307
4.99513245
4.99513245
5.0186944
5.0186944
5.03754425
5.03754425
5.0611062
5.0611062
5.07995558
5.07995558
5.10351753
5.10351753
5.12236738
5.12236738
5.14592934
5.14592934
5.16477871
5.16477871
5.18834066
5.18834066
5.20719004
5.20719004
5.23075199
5.23075199
5.24960184
5.24960184
5.2731638
5.2731638
5.29201317
5.29201317
5.31557512
5.31557512
5.3344245
5.3344245
5.35798645
5.35798645
5.3768363
5.3768363
5.40039825
5.40039825
5.41924763
5.41924763
5.44280958
5.44280958
5.46165943
5.46165943
5.48522139
5.48522139
5.50407076
5.50407076
5.52763271
5.52763271
5.54648209
5.54648209
5.57004404
5.57004404
5.58889389
5.58889389
5.61245584
5.61245584
5.63130522
5.63130522
5.65486717
5.65486717
5.67371655
5.67371655
5.6972785
5.6972785
5.71612835
5.71612835
5.73497772
5.73497772
5.75853968
5.75853968
5.77738953
5.77738953
5.80095148
5.80095148
5.81980085
5.81980085
5.84336281
5.84336281
5.86221218
5.86221218
5.88577414
5.88577414
5.90462399
5.90462399
5.92818594
5.92818594
5.94703531
5.94703531
5.97059727
5.97059727
5.98944664
5.98944664
6.01300859
6.01300859
6.03185844
6.03185844
6.0554204
6.0554204
6.07426977
6.07426977
6.09783173
6.09783173
6.1166811
6.1166811
6.14024305
6.14024305
6.1590929
6.1590929
6.18265486
6.18265486
6.20150423
6.20150423
6.22506618
6.22506618
6.24391603
6.24391603
6.26747799
6.26747799
0.0031414032
0.0031414032
0.0267033577
0.0267033577
0.0455527306
0.0455527306
0.0691146851
0.0691146851
0.0879645348
0.0879645348
0.111526489
0.111526489
0.130375862
0.130375862
0.153937817
0.153937817
0.172787189
0.172787189
0.196349144
0.196349144
0.215198994
0.215198994
0.238760948
0.238760948
0.257610321
0.257610321
0.281172276
0.281172276
0.300022125
0.300022125
0.32358408
0.32358408
0.342433453
0.342433453
0.365995407
0.365995407
0.38484478
0.38484478
0.408406734
0.408406734
0.427256584
0.427256584
0.450818539
0.450818539
0.469667912
0.469667912
0.493229866
0.493229866
0.512079239
0.512079239
0.535641193
0.535641193
0.554491043
0.554491043
0.578052998
0.578052998
0.59690237
0.59690237
0.620464325
0.620464325
0.639314175
0.639314175
0.662876129
0.662876129
0.681725502
0.681725502
0.705287457
0.705287457
0.724136829
0.724136829
0.747698784
0.747698784
0.766548634
0.766548634
0.790110588
0.790110588
0.808959961
0.808959961
0.832521915
0.832521915
0.851371288
0.851371288
0.874933243
0.874933243
0.893783092
0.893783092
0.917345047
0.917345047
0.93619442
0.93619442
0.959756374
0.959756374
0.978605747
0.978605747
