hex
0
0
0
8000
0
10000
0
18000
0
20000
0
28000
0
30000
0
38000
0
40000
0
48000
0
50000
0
58000
bf000000
b80000
c9989680
d80000
ca04251e
ad88000
0
0
bf000000
b80000
49989680
d80000
4a04251e
ad88000
bf000000
b80000
4a189680
d80000
2f84251e
ad88000
0
0
0
8000
0
10000
0
18000
0
20000
0
28000
0
30000
0
38000
0
40000
0
48000
bf000000
d80000
3f5db3d7
43d88000
0
0
0
8000
bf000000
d80000
bf5db3d7
43d88000
bf000000
d80000
bf5db3d7
43d88000
0
0
bf800000
b80000
3f800000
d80000
0
0
0
8000
0
10000
0
18000
0
20000
0
28000
0
30000
0
38000
0
40000
0
48000
bf000000
d80000
3f5db3d7
43d88000
0
0
0
8000
bf000000
d80000
bf5db3d7
43d88000
bf000000
d80000
bf5db3d7
43d88000
bf800000
b80000
0
0
3f800000
d80000
0
0
0
8000
0
10000
0
18000
0
20000
0
28000
0
30000
0
38000
0
40000
0
48000
bf000000
d80000
3f5db3d7
43d88000
0
0
0
8000
bf000000
d80000
bf5db3d7
43d88000
bf000000
d80000
bf5db3d7
43d88000
0
0
bf800000
b80000
3f800000
d80000
0
0
0
8000
0
10000
0
18000
0
20000
0
28000
0
30000
0
38000
0
40000
bf000000
d80000
3f5db3d7
43d88000
0
0
0
8000
0
10000
0
18000
0
20000
bf800000
b80000
0
0
bf800000
b80000
3f800000
d80000
3f800000
d80000
0
0
0
8000
0
10000
0
18000
0
20000
0
28000
0
30000
0
38000
0
40000
bf000000
d80000
3f5db3d7
43d88000
0
0
0
8000
0
10000
0
18000
0
20000
bf800000
b80000
bf800000
b80000
0
0
3f800000
d80000
3f800000
d80000
0
0
0
8000
0
10000
0
18000
0
20000
0
28000
0
30000
0
38000
0
40000
0
48000
bf000000
d80000
3f5db3d7
43d88000
0
0
0
8000
bf000000
d80000
bf5db3d7
43d88000
bf000000
d80000
bf5db3d7
43d88000
bf800000
b80000
0
0
3f800000
d80000
0
0
0
8000
0
10000
0
18000
0
20000
0
28000
0
30000
0
38000
0
40000
bf000000
d80000
3f5db3d7
43d88000
0
0
0
8000
0
10000
0
18000
bf800000
b80000
0
0
0
0
bf800000
b80000
3f800000
d80000
3f800000
d80000
0
0
0
8000
0
10000
0
18000
0
20000
0
28000
0
30000
0
38000
0
40000
bf000000
d80000
3f5db3d7
43d88000
0
0
0
8000
0
10000
0
18000
bf800000
b80000
0
0
bf800000
b80000
0
0
3f800000
d80000
3f800000
d80000
0
0
0
8000
0
10000
0
18000
0
20000
0
28000
0
30000
0
38000
0
40000
0
48000
bf000000
d80000
3f5db3d7
43d88000
0
0
0
8000
bf000000
d80000
bf5db3d7
43d88000
bf000000
d80000
bf5db3d7
43d88000
0
0
bf800000
b80000
3f800000
d80000
0
0
0
8000
0
10000
0
18000
0
20000
0
28000
0
30000
0
38000
0
40000
bf000000
d80000
3f5db3d7
43d88000
0
0
0
8000
0
10000
0
18000
0
20000
bf800000
b80000
0
0
bf800000
b80000
3f800000
d80000
3f800000
d80000
0
0
0
8000
0
10000
0
18000
0
20000
0
28000
0
30000
0
38000
0
40000
bf000000
d80000
3f5db3d7
43d88000
0
0
0
8000
0
10000
0
18000
0
20000
bf800000
b80000
bf800000
b80000
0
0
3f800000
d80000
3f800000
d80000
0
0
0
8000
0
10000
0
18000
0
20000
0
28000
0
30000
0
38000
0
40000
bf000000
d80000
3f5db3d7
43d88000
0
0
0
8000
0
10000
0
18000
0
20000
bf800000
b80000
0
0
bf800000
b80000
3f800000
d80000
3f800000
d80000
0
0
0
8000
0
10000
0
18000
0
20000
0
28000
0
30000
0
38000
0
40000
0
48000
0
50000
bf000000
d80000
bf5db3d7
43d88000
bf000000
d80000
3f5db3d7
43d88000
0
0
0
8000
0
0
bf800000
b80000
0
0
bf800000
b80000
0
0
0
8000
0
10000
0
18000
0
20000
0
28000
0
30000
0
38000
0
40000
0
48000
0
50000
bf000000
d80000
bf5db3d7
43d88000
bf000000
d80000
3f5db3d7
43d88000
0
0
0
8000
0
0
bf800000
b80000
0
0
bf800000
b80000
0
0
0
8000
0
10000
0
18000
0
20000
0
28000
0
30000
0
38000
0
40000
bf000000
d80000
3f5db3d7
43d88000
0
0
0
8000
0
10000
0
18000
0
20000
bf800000
b80000
bf800000
b80000
0
0
3f800000
d80000
3f800000
d80000
0
0
0
8000
0
10000
0
18000
0
20000
0
28000
0
30000
0
38000
0
40000
0
48000
0
50000
bf000000
d80000
bf5db3d7
43d88000
bf000000
d80000
3f5db3d7
43d88000
0
0
0
8000
0
0
bf800000
b80000
bf800000
b80000
0
0
0
0
0
8000
0
10000
0
18000
0
20000
0
28000
0
30000
0
38000
0
40000
0
48000
0
50000
bf000000
d80000
bf5db3d7
43d88000
bf000000
d80000
3f5db3d7
43d88000
0
0
0
8000
0
0
bf800000
b80000
bf800000
b80000
0
0
0
0
0
8000
0
10000
0
18000
0
20000
0
28000
0
30000
0
38000
0
40000
0
48000
bf000000
d80000
3f5db3d7
43d88000
0
0
0
8000
bf000000
d80000
bf5db3d7
43d88000
bf000000
d80000
bf5db3d7
43d88000
bf800000
b80000
0
0
3f800000
d80000
0
0
0
8000
0
10000
0
18000
0
20000
0
28000
0
30000
0
38000
0
40000
bf000000
d80000
3f5db3d7
43d88000
0
0
0
8000
0
10000
0
18000
bf800000
b80000
0
0
0
0
bf800000
b80000
3f800000
d80000
3f800000
d80000
0
0
0
8000
0
10000
0
18000
0
20000
0
28000
0
30000
0
38000
0
40000
bf000000
d80000
3f5db3d7
43d88000
0
0
0
8000
0
10000
0
18000
bf800000
b80000
0
0
bf800000
b80000
0
0
3f800000
d80000
3f800000
d80000
0
0
0
8000
0
10000
0
18000
0
20000
0
28000
0
30000
0
38000
0
40000
bf000000
d80000
3f5db3d7
43d88000
0
0
0
8000
0
10000
0
18000
bf800000
b80000
0
0
0
0
bf800000
b80000
3f800000
d80000
3f800000
d80000
0
0
0
8000
0
10000
0
18000
0
20000
0
28000
0
30000
0
38000
0
40000
0
48000
0
50000
bf000000
d80000
bf5db3d7
43d88000
bf000000
d80000
3f5db3d7
43d88000
0
0
bf800000
b80000
0
0
0
8000
0
0
bf800000
b80000
0
0
0
8000
0
10000
0
18000
0
20000
0
28000
0
30000
0
38000
0
40000
0
48000
0
50000
bf000000
d80000
bf5db3d7
43d88000
bf000000
d80000
3f5db3d7
43d88000
0
0
bf800000
b80000
0
0
0
8000
0
0
bf800000
b80000
0
0
0
8000
0
10000
0
18000
0
20000
0
28000
0
30000
0
38000
0
40000
bf000000
d80000
3f5db3d7
43d88000
0
0
0
8000
0
10000
0
18000
bf800000
b80000
0
0
bf800000
b80000
0
0
3f800000
d80000
3f800000
d80000
0
0
0
8000
0
10000
0
18000
0
20000
0
28000
0
30000
0
38000
0
40000
0
48000
0
50000
bf000000
d80000
bf5db3d7
43d88000
bf000000
d80000
3f5db3d7
43d88000
0
0
bf800000
b80000
0
0
0
8000
bf800000
b80000
0
0
0
0
0
8000
0
10000
0
18000
0
20000
0
28000
0
30000
0
38000
0
40000
0
48000
0
50000
bf000000
d80000
bf5db3d7
43d88000
bf000000
d80000
3f5db3d7
43d88000
0
0
bf800000
b80000
0
0
0
8000
bf800000
b80000
0
0
0
0
0
8000
0
10000
0
18000
0
20000
0
28000
0
30000
0
38000
0
40000
0
48000
0
50000
bf000000
d80000
bf5db3d7
43d88000
bf000000
d80000
3f5db3d7
43d88000
0
0
0
8000
0
0
0
8000
0
0
0
0
0
0
0
0
0
0
0
0
0
0
0
0
0
0
0
0
0
0
0
0
0
0
0
0
0
0
0
0
0
0
