hex
0
0
0
8000
0
10000
0
18000
0
20000
0
28000
0
30000
0
38000
0
40000
bf000000
d80000
bf5db3d7
43d88000
0
0
0
8000
bf000000
d80000
3f5db3d7
43d88000
0
0
0
8000
0
10000
0
18000
0
0
0
8000
0
0
3f800000
d88000
3f800000
d80000
3f800000
d80000
3f67a36c
44010000
0
0
0
0
0
8000
0
10000
0
18000
0
20000
0
28000
0
30000
0
38000
0
40000
0
48000
0
50000
0
58000
0
0
0
8000
0
10000
0
18000
0
20000
0
28000
0
30000
0
0
bf800000
b80000
0
0
3f800000
d88000
3f800000
d80000
3f800000
d80000
3f67a36c
44010000
0
0
0
0
0
8000
0
10000
0
18000
0
20000
0
28000
0
30000
0
38000
0
40000
0
48000
0
50000
0
58000
0
0
0
8000
0
10000
0
18000
0
20000
0
28000
0
30000
bf800000
b80000
0
0
0
0
3f800000
d88000
3f800000
d80000
3f800000
d80000
3f67a36c
44010000
0
0
0
0
0
8000
0
10000
0
18000
0
20000
0
28000
0
30000
0
38000
0
40000
0
48000
0
50000
0
58000
0
0
0
8000
0
10000
0
18000
0
20000
0
28000
0
30000
bf800000
b80000
0
0
0
0
3f800000
d88000
3f800000
d80000
3f800000
d80000
3f67a36c
44010000
0
0
0
0
3f67a36c
44008000
0
10000
0
18000
0
20000
0
28000
0
30000
0
38000
0
40000
0
48000
0
50000
0
58000
0
60000
bd922b76
6ad80000
3d28c846
8d88000
0
0
c419b647
51d80000
c4851e57
45d88000
0
0
bf400000
d80000
3eddb3d7
43d88000
0
0
3f400000
d80000
beddb3d7
43d88000
c3b17dc9
b1d80000
c419b647
51d88000
0
0
0
0
0
0
0
0
0
8000
0
10000
0
18000
0
20000
bf800000
b80000
0
0
0
8000
0
10000
0
18000
0
20000
0
28000
0
30000
0
38000
0
40000
bf800000
b80000
0
0
0
8000
3f800000
d88000
3f800000
d80000
3f800000
d80000
3f67a36c
44010000
0
0
3f800000
b80000
3f67a36c
44010000
0
0
0
8000
0
10000
0
18000
0
20000
0
28000
0
30000
0
38000
0
40000
0
48000
0
50000
0
58000
0
0
0
8000
0
10000
0
18000
0
20000
0
28000
bf800000
b80000
0
0
0
0
0
0
3f800000
d88000
3f800000
d80000
3f800000
d80000
3f67a36c
44010000
0
0
0
0
bf800000
b80000
0
0
0
8000
0
10000
0
18000
0
20000
0
28000
0
0
0
8000
0
10000
0
18000
0
20000
0
28000
0
30000
0
38000
0
40000
0
48000
0
0
bf800000
b80000
3f800000
d88000
3f800000
d80000
3f800000
d80000
3f67a36c
44010000
0
0
bf800000
b80000
3f67a36c
44010000
0
0
3f67a36c
44008000
0
10000
0
18000
0
20000
0
28000
0
30000
0
38000
0
40000
0
48000
0
50000
0
58000
0
60000
bd922b76
6ad80000
3d28c846
8d88000
0
0
4419b647
51d80000
44851e57
45d88000
0
0
bf400000
d80000
3eddb3d7
43d88000
0
0
3f400000
d80000
beddb3d7
43d88000
c3b17dc9
b1d80000
c419b647
51d88000
0
0
0
0
0
8000
0
10000
0
18000
0
20000
0
28000
0
30000
0
38000
0
40000
0
48000
0
50000
0
58000
0
0
0
8000
0
10000
0
18000
0
20000
0
28000
bf800000
b80000
0
0
0
0
0
0
3f800000
d88000
3f800000
d80000
3f800000
d80000
3f67a36c
44010000
0
0
0
0
0
8000
0
10000
0
18000
0
20000
0
28000
0
30000
0
38000
0
40000
0
48000
0
50000
bf800000
b80000
4419b647
51d80000
c4851e57
45d88000
0
0
43b17dc9
b1d80000
c419b647
51d88000
0
0
4419b647
51d80000
c4851e57
45d88000
0
0
bf400000
d80000
beddb3d7
43d88000
c419b647
51d80000
44851e57
45d88000
bf400000
d80000
beddb3d7
43d88000
bf000000
d80000
3f5db3d7
43d88000
0
0
0
8000
0
10000
0
18000
bf000000
d80000
bf5db3d7
43d88000
0
0
0
8000
0
10000
0
18000
0
20000
0
28000
0
0
0
8000
0
10000
bf800000
b80000
0
0
bf800000
b80000
0
0
0
8000
3f800000
d88000
3f800000
d80000
3f800000
d80000
3f67a36c
44008000
0
0
3f67a36c
44008000
0
0
0
8000
0
10000
0
18000
0
20000
0
28000
0
30000
0
38000
25800000
d80000
3f5db3d7
43d88000
0
0
0
8000
0
10000
0
18000
0
0
0
8000
0
10000
bf800000
b80000
0
0
0
8000
bf800000
b80000
4499b647
51d80000
0
0
3f800000
d88000
3f800000
d80000
3f800000
d80000
3f67a36c
44000000
3f67a36c
44000000
0
8000
0
10000
0
18000
0
20000
0
28000
0
30000
0
38000
0
40000
0
48000
3dc2e49d
e2d80000
3f67a36c
44000000
0
8000
0
10000
3dc2e49d
e2d80000
0
0
0
8000
0
10000
0
18000
0
0
bf800000
b80000
0
0
bf800000
b80000
0
0
bf800000
b80000
3f800000
d80000
3f800000
d88000
bf800000
b80000
0
0
0
0
0
8000
0
10000
0
18000
0
20000
0
28000
0
30000
0
38000
0
40000
0
48000
0
50000
0
58000
0
60000
0
68000
0
70000
3f800000
d88000
0
0
3f800000
d80000
0
0
0
8000
3f800000
d80000
a1d337c1
dbb80000
0
0
3f2aaaaa
abb80000
3f800000
b80000
0
0
3f67a36c
44008000
0
10000
0
18000
0
20000
0
28000
0
30000
0
38000
0
40000
0
48000
0
50000
0
58000
0
60000
0
68000
0
70000
0
78000
38737051
90b80000
23c2e49d
e2d80000
3da8c846
8d88000
3f67a36c
44008000
38737051
90b80000
23c2e49d
e2d80000
3da8c846
8d88000
3f67a36c
44010000
b8737051
90b80000
a3c2e49d
e2d80000
bda8c846
8d88000
0
0
0
0
bf800000
b80000
0
0
0
8000
0
10000
0
18000
0
20000
0
28000
0
30000
0
38000
0
40000
0
48000
0
50000
0
58000
0
60000
0
68000
0
70000
3f800000
d88000
0
0
3f800000
d80000
0
0
0
8000
3f800000
d80000
3f13cd3a
2db80000
3f800000
b80000
beaaaaaa
abb80000
bf800000
b80000
bf800000
b80000
0
0
0
0
0
8000
0
10000
0
18000
0
20000
0
28000
0
30000
0
38000
0
40000
0
48000
0
50000
0
58000
0
60000
0
68000
0
70000
3f800000
d88000
0
0
3f800000
d80000
0
0
0
8000
3f800000
d80000
3f13cd3a
2db80000
3f800000
b80000
3eaaaaaa
abb80000
0
0
0
0
0
8000
0
10000
0
18000
0
20000
0
28000
0
30000
0
38000
0
40000
0
48000
0
50000
bf800000
b80000
0
0
0
8000
0
10000
0
18000
0
20000
0
28000
0
30000
0
0
0
0
0
0
3f800000
d88000
3f800000
d80000
3f800000
d80000
3f67a36c
44010000
0
0
bf000000
d80000
3f5db3d7
43d88000
0
0
0
8000
0
10000
0
18000
bf000000
d80000
bf5db3d7
43d88000
0
0
0
8000
0
10000
0
18000
0
20000
bf800000
b80000
0
0
0
8000
0
10000
0
18000
0
0
0
0
0
0
bf800000
b80000
3f800000
d88000
3f800000
d80000
3f800000
d80000
3f67a36c
44008000
0
0
3f67a36c
44008000
3f67a36c
44000000
0
8000
0
10000
0
18000
0
20000
0
28000
0
30000
0
38000
0
40000
0
48000
0
50000
0
58000
3d922b76
6ad80000
3d28c846
8d88000
0
0
43b17dc9
b1d80000
c419b647
51d88000
0
0
4419b647
51d80000
c4851e57
45d88000
0
0
bf400000
d80000
beddb3d7
43d88000
4419b647
51d80000
c4851e57
45d88000
bf400000
d80000
beddb3d7
43d88000
0
0
3f67a36c
44008000
0
10000
0
18000
0
20000
0
28000
0
30000
0
38000
0
40000
0
48000
0
50000
0
58000
0
60000
0
68000
0
70000
0
78000
b8737051
90b80000
23c2e49d
e2d80000
3da8c846
8d88000
3f67a36c
44008000
b8737051
90b80000
23c2e49d
e2d80000
3da8c846
8d88000
3f67a36c
44010000
38737051
90b80000
a3c2e49d
e2d80000
bda8c846
8d88000
0
0
0
0
bf800000
b80000
0
0
0
8000
0
10000
0
18000
0
20000
0
28000
0
30000
0
38000
0
40000
0
48000
0
50000
0
58000
0
60000
0
68000
0
70000
3f800000
d88000
0
0
3f800000
d80000
0
0
0
8000
3f800000
d80000
bf13cd3a
2db80000
bf800000
b80000
beaaaaaa
abb80000
0
0
bf800000
b80000
0
0
0
0
0
8000
0
10000
0
18000
0
20000
0
28000
0
30000
0
38000
0
40000
0
48000
0
50000
0
58000
0
60000
0
68000
0
70000
3f800000
d88000
0
0
3f800000
d80000
0
0
0
8000
3f800000
d80000
bf13cd3a
2db80000
bf800000
b80000
3eaaaaaa
abb80000
3f800000
b80000
0
0
0
8000
0
10000
0
18000
0
20000
0
28000
0
30000
0
38000
bf800000
b80000
4499b647
51d80000
0
0
0
8000
0
10000
bf800000
b80000
0
0
0
8000
0
10000
0
18000
0
0
bf800000
b80000
0
0
c499b647
51d80000
0
0
3f800000
d88000
3f800000
d80000
3f800000
d80000
3f67a36c
44000000
0
0
bf800000
b80000
0
0
0
8000
0
10000
0
18000
0
20000
0
28000
0
30000
0
38000
0
40000
0
48000
0
50000
0
58000
0
60000
0
68000
0
70000
3f800000
d88000
0
0
3f800000
d80000
0
0
0
8000
3f800000
d80000
21d337c1
dbb80000
0
0
bf2aaaaa
abb80000
bf800000
b80000
3f67a36c
44000000
0
8000
0
10000
0
18000
0
20000
0
28000
0
30000
0
38000
0
40000
0
48000
3dc2e49d
e2d80000
3f67a36c
44000000
0
8000
0
10000
3dc2e49d
e2d80000
0
0
0
8000
0
10000
bf800000
b80000
0
0
0
8000
bf800000
b80000
0
0
bf800000
b80000
0
0
3f800000
d80000
3f800000
d88000
3f67a36c
44000000
0
8000
0
10000
0
18000
0
20000
0
28000
0
30000
0
38000
0
40000
0
48000
3dc2e49d
e2d80000
3f67a36c
44000000
0
8000
0
10000
3dc2e49d
e2d80000
0
0
0
8000
0
10000
0
18000
0
0
0
8000
0
0
0
0
0
0
0
0
3f800000
d80000
3f800000
d88000
0
0
0
0
0
0
0
0
0
0
0
0
0
0
0
0
0
0
0
0
0
0
0
0
0
0
0
0
0
0
