hex
3f67a36c
44010000
0
0
3f67a36c
44008000
0
0
3f67a36c
44000000
0
0
3f67a36c
44010000
3f67a36c
44008000
3f67a36c
44000000
0
0
0
0
0
0
0
0
0
0
0
0
0
0
0
0
0
0
0
0
0
0
0
0
0
0
0
0
0
0
0
0
0
0
0
0
3f67a36c
44010000
0
0
3f67a36c
44008000
0
0
3f67a36c
44000000
0
0
3f67a36c
44010000
3f67a36c
44008000
3f67a36c
44000000
0
0
0
0
0
0
0
0
0
0
0
0
0
0
0
0
0
0
0
0
0
0
0
0
0
0
0
0
0
0
0
0
0
0
0
0
3f67a36c
44010000
0
0
3f67a36c
44008000
0
0
3f67a36c
44000000
0
0
3f67a36c
44010000
3f67a36c
44008000
3f67a36c
44000000
0
0
0
0
0
0
0
0
0
0
0
0
0
0
0
0
0
0
0
0
0
0
0
0
0
0
0
0
0
0
0
0
0
0
0
0
3f67a36c
44010000
0
0
3f67a36c
44008000
0
0
3f67a36c
44000000
0
0
3f67a36c
44010000
3f67a36c
44008000
3f67a36c
44000000
0
0
0
0
0
0
0
0
0
0
0
0
0
0
0
0
0
0
0
0
0
0
0
0
0
0
0
0
0
0
0
0
0
0
0
0
0
0
0
0
bf800000
b80000
0
0
bf800000
b80000
3f800000
d88000
3f800000
d80000
3f800000
d80000
3f67a36c
44010000
0
0
0
0
3f67a36c
44010000
0
0
0
0
0
0
0
0
0
0
0
0
0
0
0
0
0
0
0
0
0
0
0
0
0
0
0
0
0
0
ba1fe225
f4b80000
bf400000
d80000
3eddb3d7
43d88000
3a1fe225
f4b80000
3f400000
d80000
beddb3d7
43d88000
be93cd3a
2db80000
c3b17dc9
b1d80000
c419b647
51d88000
3a1fe225
f4b80000
3f400000
d80000
beddb3d7
43d88000
bf000000
d80000
3f5db3d7
43d88000
bf000000
d80000
bf5db3d7
43d88000
0
0
0
0
0
0
0
0
0
0
0
0
0
0
0
0
0
0
0
0
0
0
3f67a36c
44010000
0
0
3f67a36c
44008000
0
0
3f67a36c
44000000
0
0
3f67a36c
44010000
3f67a36c
44008000
3f67a36c
44000000
0
0
0
0
0
0
0
0
0
0
0
0
0
0
0
0
0
0
0
0
0
0
0
0
0
0
0
0
0
0
0
0
0
0
0
0
3a1fe225
f4b80000
bf400000
d80000
3eddb3d7
43d88000
ba1fe225
f4b80000
3f400000
d80000
beddb3d7
43d88000
3e93cd3a
2db80000
c3b17dc9
b1d80000
c419b647
51d88000
ba1fe225
f4b80000
3f400000
d80000
beddb3d7
43d88000
bf000000
d80000
3f5db3d7
43d88000
bf000000
d80000
bf5db3d7
43d88000
0
0
0
0
0
0
0
0
0
0
0
0
0
0
0
0
0
0
0
0
0
0
0
0
bf800000
b80000
0
0
bf800000
b80000
0
0
3f800000
d88000
3f800000
d80000
3f800000
d80000
3f67a36c
44010000
0
0
0
0
3f67a36c
44010000
0
0
0
0
0
0
0
0
0
0
0
0
0
0
0
0
0
0
0
0
0
0
0
0
0
0
0
0
0
0
3f67a36c
44010000
0
0
3f67a36c
44008000
0
0
3f67a36c
44000000
0
0
3f67a36c
44010000
3f67a36c
44008000
3f67a36c
44000000
0
0
0
0
0
0
0
0
0
0
0
0
0
0
0
0
0
0
0
0
0
0
0
0
0
0
0
0
0
0
0
0
0
0
0
0
0
0
bf800000
b80000
0
0
0
0
bf800000
b80000
3f800000
d88000
3f800000
d80000
3f800000
d80000
3f67a36c
44008000
0
0
3f67a36c
44008000
0
0
0
0
0
0
0
0
0
0
0
0
0
0
0
0
0
0
0
0
0
0
0
0
0
0
0
0
0
0
0
0
3e93cd3a
2db80000
43b17dc9
b1d80000
c419b647
51d88000
3f000000
b80000
4419b647
51d80000
c4851e57
45d88000
ba1fe225
f4b80000
bf400000
d80000
beddb3d7
43d88000
3a1fe225
f4b80000
3f400000
d80000
3eddb3d7
43d88000
3f000000
b80000
c34cf309
c1d80000
43b17dc9
b1d88000
0
0
0
0
0
0
0
0
0
0
0
0
0
0
0
0
0
0
0
0
0
0
0
0
0
0
0
0
26fda56e
add80000
0
0
c44cf309
c1d80000
c499b647
51d80000
3f67a36c
44000000
0
0
0
0
0
0
0
0
0
0
0
0
0
0
0
0
0
0
0
0
0
0
0
0
0
0
0
0
0
0
0
0
0
0
0
0
0
0
0
0
0
0
3f800000
d80000
3f800000
d80000
3f800000
d80000
0
0
0
0
0
0
0
0
0
0
0
0
0
0
0
0
0
0
0
0
0
0
0
0
0
0
0
0
0
0
0
0
0
0
0
0
0
0
0
0
0
0
0
0
0
0
0
0
b9d52d87
f0b80000
bf000000
d80000
3f5db3d7
43d88000
bf000000
d80000
3f5db3d7
43d88000
3a552d87
f0b80000
3f800000
d80000
3a552d87
f0b80000
3f800000
d80000
bf000000
d80000
bf5db3d7
43d88000
0
0
bf800000
b80000
0
0
bf800000
b80000
0
0
0
0
0
0
0
0
0
0
0
0
0
0
0
0
0
0
0
0
0
0
0
0
bf000000
b80000
c499b647
51d80000
24800000
b80000
c44cf309
c1d80000
bf000000
b80000
4499b647
51d80000
bf000000
b80000
c499b647
51d80000
3f13cd3a
2db80000
26fda56e
add80000
0
0
bf800000
b80000
bf800000
b80000
0
0
0
0
3f800000
d88000
0
0
0
0
0
0
0
0
0
0
0
0
0
0
0
0
0
0
0
0
0
0
3a552d87
f0b80000
bf000000
d80000
3f5db3d7
43d88000
bf000000
d80000
3f5db3d7
43d88000
b9d52d87
f0b80000
3f800000
d80000
b9d52d87
f0b80000
3f800000
d80000
bf000000
d80000
bf5db3d7
43d88000
0
0
bf800000
b80000
bf800000
b80000
0
0
0
0
0
0
0
0
0
0
0
0
0
0
0
0
0
0
0
0
0
0
0
0
0
0
39d52d87
f0b80000
bf000000
d80000
3f5db3d7
43d88000
bf000000
d80000
3f5db3d7
43d88000
39d52d87
f0b80000
3f800000
d80000
39d52d87
f0b80000
3f800000
d80000
bf000000
d80000
bf5db3d7
43d88000
0
0
bf800000
b80000
bf800000
b80000
0
0
0
0
0
0
0
0
0
0
0
0
0
0
0
0
0
0
0
0
0
0
0
0
0
0
3f67a36c
44010000
0
0
3f67a36c
44008000
0
0
3f67a36c
44000000
0
0
3f67a36c
44010000
3f67a36c
44008000
3f67a36c
44000000
0
0
0
0
0
0
0
0
0
0
0
0
0
0
0
0
0
0
0
0
0
0
0
0
0
0
0
0
0
0
0
0
0
0
0
0
be93cd3a
2db80000
43b17dc9
b1d80000
c419b647
51d88000
bf000000
b80000
4419b647
51d80000
c4851e57
45d88000
3a1fe225
f4b80000
bf400000
d80000
beddb3d7
43d88000
ba1fe225
f4b80000
3f400000
d80000
3eddb3d7
43d88000
bf000000
b80000
c34cf309
c1d80000
43b17dc9
b1d88000
0
0
0
0
0
0
0
0
0
0
0
0
0
0
0
0
0
0
0
0
0
0
0
0
0
0
bf800000
b80000
0
0
0
0
bf800000
b80000
0
0
3f800000
d88000
3f800000
d80000
3f800000
d80000
3f67a36c
44008000
0
0
3f67a36c
44008000
0
0
0
0
0
0
0
0
0
0
0
0
0
0
0
0
0
0
0
0
0
0
0
0
0
0
0
0
0
0
0
0
3f000000
b80000
c499b647
51d80000
a4800000
b80000
c44cf309
c1d80000
bf000000
b80000
4499b647
51d80000
bf000000
b80000
c499b647
51d80000
bf13cd3a
2db80000
26fda56e
add80000
bf800000
b80000
0
0
0
0
bf800000
b80000
0
0
3f800000
d88000
0
0
0
0
0
0
0
0
0
0
0
0
0
0
0
0
0
0
0
0
0
0
b9d52d87
f0b80000
bf000000
d80000
3f5db3d7
43d88000
bf000000
d80000
3f5db3d7
43d88000
b9d52d87
f0b80000
3f800000
d80000
b9d52d87
f0b80000
3f800000
d80000
bf000000
d80000
bf5db3d7
43d88000
bf800000
b80000
0
0
0
0
bf800000
b80000
0
0
0
0
0
0
0
0
0
0
0
0
0
0
0
0
0
0
0
0
0
0
0
0
ba552d87
f0b80000
bf000000
d80000
3f5db3d7
43d88000
bf000000
d80000
3f5db3d7
43d88000
39d52d87
f0b80000
3f800000
d80000
39d52d87
f0b80000
3f800000
d80000
bf000000
d80000
bf5db3d7
43d88000
bf800000
b80000
0
0
0
0
bf800000
b80000
0
0
0
0
0
0
0
0
0
0
0
0
0
0
0
0
0
0
0
0
0
0
0
0
0
0
26fda56e
add80000
0
0
c44cf309
c1d80000
c499b647
51d80000
3f67a36c
44000000
0
0
0
0
0
0
0
0
0
0
0
0
0
0
0
0
0
0
0
0
0
0
0
0
0
0
0
0
0
0
0
0
0
0
0
0
0
0
0
0
0
0
39d52d87
f0b80000
bf000000
d80000
3f5db3d7
43d88000
bf000000
d80000
3f5db3d7
43d88000
ba552d87
f0b80000
3f800000
d80000
ba552d87
f0b80000
3f800000
d80000
bf000000
d80000
bf5db3d7
43d88000
bf800000
b80000
0
0
bf800000
b80000
0
0
0
0
0
0
0
0
0
0
0
0
0
0
0
0
0
0
0
0
0
0
0
0
0
0
3f800000
d80000
3f800000
d80000
3f800000
d80000
0
0
0
0
0
0
0
0
0
0
0
0
0
0
0
0
0
0
0
0
0
0
0
0
0
0
0
0
0
0
0
0
0
0
0
0
0
0
0
0
0
0
0
0
0
0
0
0
3f800000
d80000
3f800000
d80000
3f800000
d80000
0
0
0
0
0
0
0
0
0
0
0
0
0
0
0
0
0
0
0
0
0
0
0
0
0
0
0
0
0
0
0
0
0
0
0
0
0
0
0
0
0
0
0
0
0
0
0
0
0
0
0
0
0
0
0
0
0
0
0
0
0
0
0
0
0
0
0
0
0
0
0
0
0
0
0
0
0
0
