1651 9 14480 1 1450 a
2952
2896
2884
2869
2898
2929
2958
2993
2936
2935
2969
2994
3033
3018
2999
2973
2918
2877
2866
2859
2866
2892
2933
2937
2890
2863
2897
2945
2941
2936
2926
2899
2856
2830
2824
2820
2809
2851
2887
2881
2832
2775
2817
2857
2841
2836
2831
2830
2790
2770
2782
2774
2770
2778
2827
2786
2742
2698
2695
2717
2714
2715
2728
2719
2695
2690
2694
2700
2698
2713
2708
2675
2635
2606
2555
2556
2567
2575
2585
2592
2579
2593
2589
2599
2618
2631
2561
2536
2502
2477
2240
2376
2404
2414
2436
2444
2445
2448
2463
2491
2500
2485
2412
2389
2348
2346
2273
2222
2208
2262
2293
2319
2304
2307
2343
2371
2397
2324
2266
2240
2217
2194
2142
2083
2052
2080
2123
2141
2145
2153
2191
2227
2201
2146
2105
2061
2063
2040
1989
1947
1906
1938
1971
1989
2001
2004
2040
2077
2042
2008
1963
1926
1930
1910
1879
1841
1807
1783
1847
1856
1882
1887
1917
1892
1871
1836
1806
1784
1789
1777
1749
1723
1688
1673
1660
1683
1714
1744
1715
1695
1676
1676
1639
1624
1638
1524
1617
1593
1582
1555
1509
1547
1575
1601
1561
1513
1503
1487
1486
1470
1498
1506
1498
1497
1487
1448
1391
1400
1434
1448
1398
1363
1343
1336
1335
1339
1377
1407
1407
1407
1390
1354
1307
1287
1341
1331
1281
1251
1217
1217
1235
1249
1294
1344
1346
1348
1317
1278
1238
1203
1257
1242
1206
1168
1133
1129
1129
1172
1225
1273
1305
1303
1263
1228
1199
1167
1202
1184
1131
1121
1091
1053
1052
1134
1191
1244
1234
1260
1230
1199
1169
1135
1174
1156
1118
1092
1068
1025
1058
1109
1163
1230
1263
1240
1217
1186
1154
1121
1167
1149
1119
1085
1058
1048
1058
1112
1170
1229
1240
1254
1223
1194
1156
1135
1181
1182
1152
1121
1084
1100
1131
1145
1200
1242
1254
1263
1257
1220
1184
1163
1225
1248
1219
1162
1166
1178
1182
1199
1257
1277
1283
1299
1297
1257
1228
1249
1285
1330
1298
1258
1277
1289
1280
1316
1329
1341
1342
1345
1349
1343
1291
1331
1371
1417
1407
1387
1389
1384
1382
1379
1406
1414
1414
1413
1398
1416
1382
1428
1474
1500
1540
1541
1532
1521
1503
1506
1521
1523
1506
1503
1488
1470
1531
1560
1590
1619
1676
1696
1706
1689
1667
1651
1667
1662
1638
1618
1597
1621
1691
1726
1744
1770
1836
1894
1883
1860
1825
1795
1809
1815
1771
1752
1713
1786
1843
1880
1887
1919
1966
2023
2057
2021
1983
1961
1964
1965
1928
1888
1914
1963
2000
2048
2046
2077
2124
2179
2209
2187
2139
2114
2115
2115
2071
2051
2090
2213
2164
2197
2189
2224
2262
2299
2329
2338
2289
2270
2265
2244
2230
2231
2261
2289
2311
2341
2329
2348
2389
2405
2430
2460
2443
2426
2403
2381
2390
2415
2431
2457
2469
2485
2474
2487
2502
2517
2536
2547
2602
2566
2539
2505
2593
2587
2605
2611
2621
2626
2606
2590
2610
2615
2620
2654
2709
2700
2565
2644
2693
2744
2760
2765
2772
2766
2722
2694
2707
2700
2713
2760
2841
2822
2765
2773
2863
2857
2896
2892
2751
2860
2810
2768
2768
2757
2798
2827
2874
2903
2852
2869
2906
2938
3015
2987
2983
2937
2887
2836
2717
2815
2855
2887
2923
2949
2908
2938
2966
3005
3033
3070
3043
2989
2938
2881
2830
2855
2886
2923
2951
2985
2941
2967
3001
3030
3060
3180
3064
3015
2965
2899
2865
2877
2908
2940
2964
2992
2974
2970
3002
3029
3064
3071
3062
3017
2967
2891
2881
2869
2901
2937
2963
3026
2947
2945
2975
3010
3038
3033
3013
2977
2921
2890
2874
2866
2866
2899
2936
2946
2902
2867
2895
2938
2952
2938
2940
2913
2862
2835
2829
2809
2804
2846
2878
2883
2840
2783
2829
2856
2854
2847
2829
2824
2793
2780
2775
2776
2769
2785
2828
2786
2747
2697
2703
2730
2727
2729
2733
2734
2700
2703
2706
2709
2715
2715
2730
2680
2646
2623
2572
2590
2580
2603
2608
2618
2602
2598
2612
2630
2608
2647
2597
2567
2625
2506
2444
2416
2425
2454
2463
2489
2473
2472
2493
2516
2538
2512
2448
2396
2394
2369
2306
2240
2250
2271
2305
2324
2316
2322
2348
2375
2403
2347
2290
2250
2063
2212
2155
2108
2072
2103
2156
2161
2103
2165
2205
2243
2226
2174
2120
2086
2076
2051
1997
1966
1919
1950
1990
2017
2018
2021
2069
2080
2042
2006
1963
1930
1936
1898
1877
1837
1802
1791
1842
1851
1864
1886
1909
1901
1874
1878
1817
1795
1800
1767
1751
1726
1701
1715
1686
1712
1732
1761
1743
1713
1694
1676
1663
1645
1656
1645
1622
1613
1603
1580
1528
1562
1598
1622
1582
1532
1527
1514
1498
1497
1519
1523
1515
1511
1501
1442
1409
1418
1462
1479
1434
1374
1362
1359
1361
1362
1402
1411
1423
1419
1408
1364
1321
1310
1351
1360
1308
1270
1236
1245
1252
1261
1310
1363
1377
1366
1330
1293
1249
1223
1274
1257
1212
1184
1157
1136
1149
1184
1236
1291
1317
1305
1269
1244
1212
1175
1206
1191
1161
1124
1092
1061
1081
1139
1194
1240
1298
1266
1233
1199
1175
1137
1171
1146
1121
1087
1059
1028
1052
1109
1163
1212
1256
1236
1235
1181
1150
1123
1157
1143
1111
1081
1061
1038
1056
1108
1156
1225
1237
1252
1223
1188
1155
1126
1167
1176
1146
1116
1087
1096
1105
1143
1193
1232
1252
1236
1263
1223
1188
1167
1227
1252
1216
1173
1169
1182
1192
1210
1259
1282
1294
1300
1317
1279
1228
1245
1293
1342
1301
1258
1277
1277
1286
1286
1329
1344
1350
1352
1339
1337
1295
1333
1375
1420
1409
1391
1387
1388
1389
1378
1418
1422
1417
1419
1410
1405
1392
1432
1470
1512
1550
1540
1535
1527
1517
1505
1531
1525
1514
1489
1496
1474
1538
1568
1596
1624
1672
1715
1693
1683
1662
1649
1684
1652
1635
1613
1553
1616
1681
1711
1734
1757
1820
1883
1861
1841
1821
1784
1801
1810
1760
1738
1723
1767
1834
1874
1883
1919
1963
2021
2052
1963
1978
1957
1921
1934
1918
1881
1904
1953
2000
2043
2042
2076
2115
2164
2209
2178
2133
2113
2111
2108
2066
2036
2080
2114
2153
2192
2193
2214
2244
2287
2323
2329
2280
2267
2251
2255
2211
2211
2243
2269
2298
2330
2315
2334
2362
2387
2413
2439
2429
2409
2388
2369
2369
2395
2418
2437
2464
2464
2456
2459
2486
2506
2518
2537
2584
2550
2515
2492
2536
2568
2589
2595
2579
2617
2596
2586
2580
2606
2612
2649
2668
2694
2651
2638
2693
2740
2759
2758
2765
2770
2721
2698
2698
2700
2708
2758
2804
2819
2774
2767
2812
2853
2880
2886
2876
2849
2812
2767
2764
2762
2793
2830
2860
2906
2851
2870
2904
2935
2981
2989
2982
2938
2886
2833
2814
2817
2858
2885
2924
2955
2905
2937
2960
3001
3027
3066
3041
3004
2928
2878
2827
2861
2891
2928
2957
2998
2951
2976
3000
3032
3064
3092
3070
3010
2956
2905
2860
2905
2910
2942
2968
3006
2960
2978
3007
3038
3069
3079
3069
3005
2952
2898
2883
2874
2904
2935
2967
2989
2953
2945
2976
3009
3035
3033
3028
2983
2936
2890
2875
2863
2866
2918
2941
2962
2910
2890
2926
2956
2970
2949
2947
2926
2880
2852
2844
2838
2828
2871
2900
2900
2850
2807
2839
2884
2870
2862
2865
2862
2806
2796
2795
2799
2791
2804
2846
2812
2764
2722
2731
2755
2761
2755
2757
2758
2724
2721
2728
2727
2724
2734
2742
2706
2667
2637
2599
2602
2602
2612
2620
2633
2611
2612
2620
2637
2649
2649
2606
2580
2543
2521
2454
2427
2448
2466
2478
2494
2479
2488
2503
2524
2541
2522
2451
2420
2400
2378
2314
2255
2276
2296
2319
2345
2330
2336
2375
2394
2432
2364
2302
2269
2419
2227
2168
2126
2077
2127
2155
2186
2176
2184
2222
2252
2243
2190
2143
2101
2099
2082
2021
1977
1932
1973
2012
2029
2031
2034
2074
2097
2058
2021
1979
1946
1950
1912
1883
1856
1817
1805
1854
1869
1877
1894
1910
1918
1892
1857
1835
1802
1808
1780
1761
1732
1709
1683
1701
1717
1741
1763
1763
1721
1712
1689
1670
1653
1666
1657
1638
1631
1609
1597
1544
1575
1602
1629
1597
1555
1543
1533
1515
1512
1527
1539
1534
1523
1507
1474
1426
1427
1464
1490
1432
1392
1374
1371
1366
1364
1407
1426
1481
1421
1412
1366
1323
1302
1348
1354
1312
1266
1240
1238
1251
1263
1305
1349
1352
1361
1327
1279
1250
1219
1268
1253
1222
1174
1146
1140
1147
1186
1232
1298
1314
1315
1276
1244
1213
1173
1216
1198
1164
1138
1097
1073
1091
1146
1199
1132
1308
1282
1242
1211
1180
1153
1193
1164
1138
1102
1065
1041
1070
1122
1186
1238
1271
1253
1232
1194
1168
1129
1167
1148
1124
1099
1064
1049
1060
1076
1173
1232
1245
1272
1226
1198
1161
1131
1186
1177
1154
1120
1089
1107
1114
1139
1199
1245
1263
1270
1260
1225
1197
1175
1234
1249
1218
1180
1161
1182
1188
1201
1260
1281
1295
1304
1299
1270
1234
1237
1281
1328
1291
1259
1265
1270
1274
1278
1319
1336
1340
1347
1348
1333
1285
1315
1365
1404
1402
1379
1382
1378
1379
1376
1410
1411
1405
1405
1393
1400
1385
1417
1465
1496
1524
1521
1553
1500
1487
1488
1494
1507
1496
1488
1473
1475
1514
1529
1578
1602
1658
1681
1663
1655
1637
1618
1640
1635
1610
1595
1573
1595
1659
1690
1698
1735
1800
1872
1843
1816
1791
1775
1784
1782
1743
1723
1696
1756
1809
1845
1857
1892
1941
2000
2034
1995
1970
1937
1944
1944
1899
1867
1887
1943
1981
2027
2027
2062
2103
2152
2190
2160
2107
2096
2095
2097
2050
2024
2063
2101
2138
2180
2177
2213
2247
2286
2311
2341
2271
2254
2249
2240
2198
2209
2235
2273
2280
2320
2316
2331
2370
2390
2420
2442
2425
2403
2391
2364
2354
2392
2416
2436
2440
2474
2465
2471
2485
2506
2530
2550
2584
2559
2531
2498
2522
2570
2579
2600
2606
2615
2595
2593
2601
2607
2617
2647
2704
2683
2646
2617
2669
2713
2729
2739
2743
2749
2705
2686
2689
2687
2700
2744
2789
2801
2763
2762
2803
2845
2873
2871
2872
2855
2808
2761
2763
2748
2777
2832
2854
2895
2844
2855
2888
2938
2977
2975
2976
2943
2882
2828
2811
2812
2844
2886
2918
2932
2908
2919
2962
2979
3028
3055
3039
2979
2924
2867
2832
2852
2879
2926
2956
2988
2954
2970
3006
3041
3071
3101
3079
3021
2971
2901
2862
2885
2918
2947
2978
3006
2963
2981
3008
3056
3070
3092
3087
3022
2968
2899
2885
2880
2915
2939
2969
3005
2957
2949
2984
3009
3044
3044
3029
2993
2935
2887
2881
2865
2874
2904
2943
2963
2896
2891
2932
3045
2979
2967
2960
2940
2884
2859
2852
2836
2858
2875
2893
2915
2758
2819
2862
2894
2895
2886
2870
2875
2831
2816
2806
2815
2804
2817
2863
2830
2782
2737
2743
2765
2766
2766
2768
2772
2735
2723
2730
2731
2728
2737
2754
2708
2675
2628
2603
2602
2618
2618
2631
2642
2610
2618
2619
2634
2647
2657
2609
2579
2548
2518
2459
2434
2455
2470
2477
2506
2475
2492
2514
2528
2520
2532
2462
2438
2416
2398
2322
2260
2279
2305
2336
2358
2340
2345
2378
2408
2434
2351
2316
2274
2269
2183
2181
2126
2100
2142
2169
2188
2189
2190
2226
2262
2247
2192
2140
2110
2105
2077
2030
1986
1940
1973
2027
2036
2041
2040
2092
2109
2063
2027
1991
1954
1956
1945
1891
1853
1823
1812
1863
1877
1897
1901
1934
1927
1898
1869
1839
1807
1818
1798
1766
1744
1713
1689
1702
1726
1736
1764
1768
1740
1710
1701
1677
1660
1675
1661
1648
1619
1617
1586
1560
1579
1609
1636
1583
1559
1549
1535
1560
1511
1533
1541
1527
1520
1514
1476
1427
1433
1468
1499
1444
1395
1388
1381
1376
1367
1413
1424
1425
1430
1417
1373
1333
1306
1357
1364
1320
1275
1241
1253
1246
1265
1314
1346
1355
1355
1330
1281
1258
1225
1268
1262
1224
1191
1151
1150
1158
1191
1245
1294
1260
1308
1274
1236
1199
1157
1216
1195
1164
1125
1087
1068
1077
1133
1197
1262
1292
1275
1234
1197
1170
1124
1181
1155
1124
1029
1062
1036
1062
1102
1167
1223
1265
1251
1216
1184
1151
1130
1163
1149
1124
1093
1060
1033
1050
1114
1173
1228
1251
1255
1228
1201
1155
1134
1176
1172
1135
1107
1070
1082
1080
1135
1180
1235
1251
1259
1241
1208
1181
1153
1199
1230
1188
1154
1135
1153
1157
1176
1233
1261
1270
1285
1285
1242
1206
1222
1262
1296
1271
1225
1235
1241
1244
1261
1292
1314
1318
1317
1309
1306
1262
1293
1321
1386
1360
1346
1350
1325
1344
1347
1379
1385
1381
1377
1380
1375
1351
1393
1432
1473
1495
1484
1483
1473
1473
1454
1482
1479
1472
1465
1448
1438
1479
1510
1545
1576
1631
1664
1637
1625
1608
1590
1605
1613
1593
1569
1548
1567
1635
1662
1690
1711
1776
1847
1824
1803
1780
1750
1769
1759
1740
1704
1673
1738
1803
1832
1848
1879
1936
1995
2018
1958
1948
1928
1932
1925
1892
1851
1866
1946
1966
2006
2015
2034
2087
2131
2174
2137
2092
2069
2068
2067
2026
1994
2029
2077
2114
2156
2158
2182
2226
2254
2294
2296
2247
2233
2217
2211
2171
2177
2206
2234
2265
2298
2299
2316
2349
2365
2391
2419
2392
2375
2362
2338
2340
2364
2386
2404
2431
2447
2437
2447
2465
2492
2505
2523
2562
2533
2509
2483
2525
2552
2561
2581
2586
2597
2574
2578
2590
2599
2579
2637
2685
2677
2636
2613
2621
2709
2721
2730
2746
2737
2699
2682
2683
2689
2692
2744
2979
2791
2754
2750
2791
2828
2865
2862
2859
2851
2801
2764
2760
2721
2786
2817
2862
2961
2839
2852
2873
2921
2965
2968
2960
2921
2876
2823
2797
2791
2833
2863
2905
2935
2883
2901
2928
2969
2997
3026
3016
2954
2898
2852
2808
2826
2854
2893
2928
2952
2920
2944
2981
3010
3036
3073
3054
2994
2938
2881
2841
2860
2893
2927
2955
2985
2942
2963
2997
3023
3059
3083
3064
3001
2945
2896
2902
2871
2890
2932
2965
2993
2938
2955
2986
3013
3042
3047
3035
2988
2955
2893
2882
2868
2894
2916
2949
2970
2910
2915
2936
2974
2990
2978
2960
2946
2888
2865
2850
2842
2846
2880
2921
2922
2871
2831
2867
2903
2900
2897
2892
2888
2812
2819
2814
2808
2807
2824
2868
2834
2790
2735
2753
2777
2776
2775
2776
2776
2740
2728
2738
2737
2736
2749
2766
2724
2686
2644
2621
2627
2634
2641
2651
2653
2634
2630
2642
2652
2660
2696
2633
2596
2565
2550
2487
2458
2476
2490
2499
2528
2500
2508
2528
2549
2564
2540
2483
2457
2429
2405
2340
2276
2303
2325
2344
2370
2358
2366
2395
2418
2448
2384
2330
2290
2270
2247
2196
2107
2112
2153
2188
2200
2205
2202
2232
2231
2253
2217
2159
2128
2121
2087
2044
1998
1953
1996
2041
2059
2060
2060
2105
2133
2090
2048
2023
1974
1975
1951
1904
1863
1836
1837
1882
1903
1903
1919
1958
1958
1924
1894
1852
1830
1838
1808
1762
1756
1720
1622
1735
1748
1764
1785
1793
1767
1738
1712
1700
1678
1681
1674
1659
1644
1630
1601
1566
1593
1620
1654
1669
1580
1557
1550
1536
1527
1552
1544
1537
1531
1501
1479
1430
1443
1481
1516
1456
1402
1396
1395
1385
1384
1428
1442
1436
1435
1434
1383
1359
1326
1371
1381
1335
1285
1258
1259
1254
1278
1326
1364
1362
1371
1336
1296
1260
1232
1284
1266
1235
1198
1157
1154
1162
1210
1244
1296
1310
1297
1270
1227
1201
1168
1205
1175
1144
1110
1080
1059
1063
1116
1177
1234
1270
1245
1202
1179
1145
1117
1150
1134
1102
1062
1041
1009
1034
1088
1147
1202
1248
1220
1191
1160
1139
1101
1135
1126
1085
1061
1030
1013
1023
1090
1143
1206
1217
1237
1195
1163
1138
1103
1152
1140
1120
1090
1057
1060
1074
1111
1172
1222
1232
1239
1228
1198
1158
1130
1190
1216
1186
1145
1157
1138
1155
1173
1246
1258
1263
1280
1270
1238
1208
1201
1260
1296
1250
1221
1227
1227
1241
1239
1297
1305
1310
1308
1313
1295
1254
1282
1329
1374
1350
1326
1325
1329
1328
1325
1366
1369
1370
1373
1361
1363
1337
1364
1417
1457
1478
1478
1469
1465
1450
1451
1472
1484
1461
1455
1446
1437
1482
1512
1541
1572
1626
1650
1635
1617
1604
1588
1604
1597
1583
1564
1549
1562
1623
1652
1681
1707
1765
1826
1802
1764
1760
1723
1746
1793
1717
1678
1663
1719
1770
1802
1831
1852
1906
1948
1993
1965
1921
1898
1909
1901
1863
1867
1852
1894
1949
1989
1998
2023
2080
2117
2157
2120
2083
2058
2059
2063
2014
1982
2023
2069
2103
2142
2137
2165
2208
2247
2284
2289
2234
2218
2224
2198
2167
2164
2195
2230
2254
2283
2285
2312
2337
2359
2392
2636
2385
2371
2362
2335
2319
2349
2370
2393
2422
2433
2423
2440
2435
2476
2499
2512
2595
2516
2497
2456
2493
2529
2543
2556
2566
2577
2562
2559
2567
2578
2587
2624
2661
2651
2623
2590
2641
2694
2703
2706
2714
2712
2684
2666
2668
2665
2682
2724
2736
2781
2744
2731
2778
2819
2846
2851
2852
2837
2748
2753
2749
2745
2773
2814
2844
2886
2828
2845
2871
2924
2964
2960
2950
2919
2871
2817
2806
2798
2836
2873
2911
2944
2905
2915
2956
2984
3020
3047
3027
2937
2924
3004
2828
2863
2887
2918
2945
2976
2941
2975
3006
3034
3068
3090
3072
3025
2961
2906
2863
2885
2922
2957
2980
3011
2987
2985
3017
3047
3063
3096
3086
3021
2965
2904
2891
2884
2913
2946
2971
3005
2961
2961
2991
3019
3050
3047
3039
2997
2936
2898
2882
2866
2884
2924
2947
2977
2927
2908
2938
2974
2997
2980
2970
2950
2893
2864
2850
2842
2846
2879
2909
2924
2865
2833
2871
2906
2911
2896
2894
2885
2832
2822
2820
2814
2812
2830
2870
2845
2805
2756
2777
2795
2792
2797
2790
2790
2758
2734
2746
2749
2769
2753
2781
2738
2701
2713
2641
2646
2650
2664
2670
2670
2647
2645
2660
2666
2677
2688
2655
2618
2596
2558
2503
2504
2505
2517
2532
2545
2526
2535
2553
2567
2582
2575
2511
2477
2452
2429
2363
2301
2327
2345
2376
2393
2373
2386
2401
2437
2458
2407
2347
2311
2298
2271
2213
2149
2141
2172
2202
2226
2220
2234
2259
2293
2284
2237
2182
2147
2137
2097
2048
2001
1966
2001
2040
2067
2063
2065
2107
2148
2109
2063
1988
1984
1978
1953
1915
1876
1857
1838
1891
1905
1918
1923
1958
1966
1924
1905
1868
1838
1841
1824
1803
1768
1740
1716
1736
1746
1776
1798
1799
1782
1751
1728
1708
1688
1702
1680
1669
1645
1631
1603
1581
1602
1627
1655
1635
1596
1577
1570
1550
1545
1559
1562
1554
1537
1524
1498
1442
1462
1493
1528
1479
1427
1418
1407
1401
1395
1434
1444
1444
1433
1436
1391
1348
1343
1404
1394
1344
1333
1271
1271
1275
1229
1333
1358
1363
1374
1344
1295
1266
1237
1278
1283
1238
1207
1166
1162
1174
1210
1257
1312
1329
1322
1285
1253
1211
1180
1226
1283
1275
1243
1213
1193
1236
1305
1355
1412
1467
1474
1442
1408
1378
1426
1487
1538
1513
1484
1451
1427
1478
1534
1590
1637
1706
1697
1663
1627
1601
1611
1558
1692
1650
1623
1597
1562
1608
1669
1730
1751
1827
1816
1783
1757
1730
1709
1777
1773
1740
1713
1693
1667
1683
1740
1793
1853
1876
1877
1844
1811
1783
1765
1819
1826
1785
1754
1710
1726
1736
1778
1831
1872
1883
1892
1873
1837
1795
1787
1840
1873
1825
1787
1777
1767
1791
1809
1857
1881
1893
1892
1891
1853
1812
1817
1875
1915
1876
1842
1840
1841
1841
1842
1888
1900
1900
1897
1894
1872
1832
1863
1903
1949
1924
1910
1913
1907
1887
1891
1919
1921
1917
1912
1899
1881
1868
1893
1936
1984
1993
1970
1962
1945
1937
1913
1946
1945
1918
1906
1888
1788
1915
1942
1958
1983
2032
2055
2033
2011
1986
1961
1979
1963
1930
1912
1897
1903
1962
1982
2003
2015
2068
2123
2081
2052
2030
1995
2009
1992
1963
1926
1892
1941
1991
2023
2025
2043
2091
2135
2144
2103
2059
2038
2030
2024
1986
1934
1944
1990
2033
2061
2057
2081
2110
2154
2194
2150
2102
2074
2065
2056
2026
1979
2007
2048
2164
2105
2087
2112
2138
2168
2194
2207
2144
2135
2103
2090
2059
2061
2095
2106
2130
2151
2135
2145
2165
2179
2203
2222
2199
2186
2147
2127
2118
2124
2153
2172
2183
2190
2168
2158
2178
2180
2205
2215
2250
2217
2181
2149
2170
2203
2211
2217
2227
2228
2198
2185
2181
2187
2195
2227
2268
2250
2210
2170
2217
2256
2267
2267
2270
2258
2211
2184
2189
2175
2194
2234
2266
2317
2229
2218
2254
2345
2328
2317
2186
2281
2240
2176
2177
2173
2207
2241
2276
2300
2243
2253
2285
2308
2358
2357
2348
2308
2254
2199
2187
2179
2213
2247
2278
2312
2262
2276
2305
2342
2377
2401
2371
2328
2262
2219
2176
2190
2218
2252
2281
2320
2274
2280
2316
2349
2373
2407
2385
2331
2267
2220
2166
2197
2211
2240
2279
2307
2260
2274
2303
2336
2368
2388
2366
2318
2268
2203
2177
2182
2212
2249
2280
2316
2301
2262
2282
2326
2371
2356
2340
2308
2255
2209
2197
2191
2217
2252
2290
2299
2250
2233
2266
2305
2310
2323
2304
2283
2240
2203
2205
2206
2199
2299
2284
2276
2233
2190
2232
2269
2270
2270
2268
2270
2225
2216
2209
2211
2215
2236
2285
2255
2220
2172
2187
2206
2204
2214
2216
2228
2182
2195
2203
2209
2213
2224
2244
2212
2171
2146
2119
2135
2148
2156
2174
2190
2167
2175
2194
2211
2225
2254
2200
2172
2147
2119
2081
2057
2077
2105
2127
2146
2135
2145
2169
2197
2224
2206
2143
2135
2118
2100
2045
1991
2032
2055
2076
2118
2113
2119
2106
2187
2214
2164
2119
2094
2075
2063
2008
1966
1955
2004
2045
2069
2070
2077
2122
2174
2155
2109
2061
2037
2040
2021
1981
1937
1904
1950
2005
2031
2033
2050
2088
2133
2089
2058
2027
1992
2015
1992
1964
1931
1898
1897
1959
1973
1996
1900
2045
2045
2019
2002
1986
1953
1973
1960
1943
1924
1897
1881
1904
1927
1966
1989
2006
1971
1956
1942
1926
1905
1938
1931
1922
1890
1901
1886
1856
1870
1927
1953
1940
1904
1902
1908
1885
1886
1916
1934
1925
1923
1916
1883
1841
1862
1907
1939
1894
1848
1843
1843
1844
1846
1892
1917
1917
1919
1914
1872
1853
1825
1897
1886
1850
1808
1782
1789
1798
1811
1860
1909
1916
1925
1897
1857
1829
1798
1845
1854
1814
1773
1748
1746
1749
1791
1847
1904
1930
1917
1885
1855
1819
1788
1838
1827
1794
1764
1711
1703
1722
1780
1819
1892
1941
1910
1896
1850
1816
1790
1823
1820
1788
1758
1715
1695
1721
1781
1830
1892
1937
1913
1889
1849
1822
1794
1840
1826
1799
1765
1735
1712
1726
1788
1843
1897
1917
1926
1877
1847
1818
1780
1838
1837
1806
1769
1740
1740
1756
1791
1845
1887
1899
1908
1888
1854
1810
1800
1851
1877
1847
1814
1794
1790
1794
1815
1877
1900
1895
1903
1902
1863
1822
1827
1870
1917
1882
1836
1835
1829
1838
1844
1894
1866
1903
1903
1901
1878
1828
1853
1899
1940
1936
1907
1901
1900
1888
1883
1923
1922
1909
1902
1888
1889
1869
1905
1938
1969
1984
1977
1971
1952
1922
1924
1938
1943
1924
1910
1890
1880
1925
1937
1954
1987
2036
2054
2035
2012
1990
1962
1984
1981
1949
1925
1671
1908
1966
1976
2003
2008
2075
2119
2097
2062
2034
1996
2013
1996
1966
1929
1898
1951
1992
2025
2030
2056
2117
2155
2150
2115
2022
2042
2048
2036
1962
1951
1956
2000
2044
2072
2075
2102
2127
2170
2209
2161
2118
2086
2080
2076
2025
1990
2026
2057
2089
2120
2113
2139
2159
2183
2221
2210
2154
2140
2122
2101
2068
2062
2082
2105
2133
2153
2134
2147
2171
2193
2211
2231
2204
2179
2158
2132
2116
2134
2135
2164
2166
2189
2171
2168
2175
2196
2212
2222
2244
2219
2184
2147
2170
2211
2207
2224
2220
2208
2201
2197
2199
2192
2209
2237
2284
2222
2215
2180
2229
2272
2282
2278
2279
2284
2233
2216
2208
2202
2212
2258
2300
2310
2264
2243
2282
2323
2353
2345
2341
2314
2263
2218
2215
2205
2231
2268
2313
2323
2265
2265
2307
2341
2374
2380
2360
2322
2262
2214
2139
2200
2234
2271
2298
2332
2277
2289
2319
2349
2382
2415
2397
2330
2274
2236
2167
2198
2232
2264
2297
2320
2280
2301
2328
2360
2385
2421
2397
2344
2283
2225
2182
2206
2258
2269
2294
2323
2282
2288
2325
2351
2389
2405
2380
2331
2269
2214
2196
2204
2230
2260
2295
2325
2275
2273
2306
2341
2374
2376
2362
2318
2267
2227
2215
2211
2229
2266
2304
2313
2266
2249
2276
2319
2340
2326
2323
2306
2253
2230
2211
2215
2220
2255
2302
2295
2248
2201
2240
2282
2271
2283
2280
2276
2230
2215
2216
2217
2218
2240
2291
2264
2221
2179
2007
2215
2222
2238
2227
2230
2198
2192
2200
2220
2217
2231
2252
2210
2184
2142
2136
2148
2160
2177
2184
2192
2171
2177
2193
2213
2228
2247
2234
2186
2159
2135
2104
2072
2095
2114
2136
2159
2142
2154
2170
2201
2229
2218
2155
2140
2119
2108
2055
2001
2036
2062
2093
2123
2110
2117
2156
2193
2223
2170
2124
2098
2080
2070
2016
1975
1966
2005
2048
2076
2088
2082
2123
2167
2159
2125
2073
2041
2047
2021
1981
1942
1898
1953
1993
2028
2034
2043
2091
2129
2087
2058
2028
1994
2018
1991
1960
1934
1895
1907
1960
1977
1998
2014
2047
2084
2030
2009
1988
1994
1977
1963
1943
1918
1902
1878
1911
1937
1959
2000
1998
1975
1965
1940
1930
1916
1933
1932
1914
1897
1891
1880
1851
1882
1919
1947
1975
1894
1890
1880
1871
1866
1905
1913
1909
1898
1878
1865
1825
1853
1887
1931
1882
1832
1839
1838
1839
1845
1886
1931
1915
1917
1908
1868
1830
1822
1870
1898
1846
1808
1782
1795
1797
1813
1863
1907
1917
1926
1906
1862
1821
1803
1863
1859
1825
1786
1746
1753
1756
1803
1896
1909
1931
1929
1899
1857
1829
1794
1853
1833
1796
1770
1734
1711
1732
1792
1847
1899
1947
1923
1891
1859
1833
1791
1847
1835
1798
1770
1736
1702
1728
1799
1849
1895
1950
1926
1894
1869
1835
1796
1852
1832
1801
1772
1743
1716
1728
1795
1840
1895
1920
1919
1891
1853
1816
1791
1849
1845
1812
1772
1742
1746
1763
1796
1852
1890
1904
1916
1893
1866
1822
1815
1856
1851
1836
1807
1784
1852
1795
1819
1868
1892
1902
1909
1911
1863
1825
1815
1869
1916
1872
1831
1832
1833
1819
1837
1880
1897
1897
1897
1893
1871
1826
1859
1898
1941
1725
1904
1907
1899
1895
1887
1920
1923
1921
1901
1902
1891
1863
1898
1932
1964
1987
1970
1955
1946
1931
1921
1943
1935
1929
1909
1895
1882
1912
1935
1966
1984
2035
2058
2032
2015
1988
1968
1983
1975
1941
1926
1900
1905
1932
1989
2010
2022
2090
2112
2087
2051
2016
1992
2002
1993
1957
1929
1899
1942
1997
2019
2048
2042
2092
2123
2145
2096
2061
2034
2044
2030
1986
1939
1951
1992
2037
2066
2064
2084
2128
2165
2204
2162
2105
2084
2071
2073
2015
1976
2020
2051
2086
2117
2105
2124
2164
2188
2223
2209
2158
2139
2123
2101
2068
2054
2088
2107
2132
2157
2145
2156
2177
2195
2220
2240
2211
2182
2163
2136
2118
2127
2153
2164
2186
2172
2170
2174
2194
2208
2227
2236
2259
2221
2194
2156
2175
2216
2222
2232
2238
2245
2212
2203
2213
2218
2268
2253
2302
2267
2234
2187
2233
2278
2282
2281
2283
2281
2242
2213
2208
2209
2209
2253
2302
2294
2253
2219
2268
2320
2329
2321
2321
2288
2252
2211
2204
2197
2219
2261
2290
2308
2258
2266
2293
2323
2366
2371
2358
2313
2275
2212
2202
2200
2232
2263
2298
2331
2252
2284
2306
2347
2361
2399
2383
2331
2265
2214
2169
2196
2223
2257
2277
2320
2275
2286
2315
2347
2371
2410
2386
2325
2272
2217
2167
2194
2218
2246
2280
2312
2267
2279
2307
2330
2367
2394
2382
2316
2263
2207
2122
2188
2214
2251
2290
2318
2265
2271
2311
2339
2366
2369
2364
2320
2272
2217
2211
2195
2225
2257
2297
2315
2270
2254
2286
2316
2328
2325
2325
2298
2249
2213
2212
2201
2210
2269
2293
2291
2247
2090
2250
2282
2282
2284
2279
2274
2228
2211
2212
2213
2202
2230
2281
2257
2220
2178
2186
2219
2215
2220
2229
2230
2202
2195
2203
2209
2211
2222
2243
2215
2178
2151
2138
2147
2151
2170
2184
2187
2180
2174
2196
2207
2224
2239
2212
2182
2158
2122
2089
2079
2098
2121
2141
2163
2146
2160
2180
2195
2225
2218
2153
2137
2120
2104
2055
2001
2041
2067
2097
2126
2112
2124
2152
2190
2225
2178
2099
2103
2094
2076
1975
1974
1981
2012
2059
2086
2083
2090
2132
2173
2177
2131
2087
2068
2061
2037
1996
1946
1915
1973
2019
2051
2044
2055
2097
2144
2103
2067
2032
2003
2011
1989
1960
1926
1899
1893
1964
1977
1991
2005
2038
2055
2028
2003
1971
1955
1969
1954
1932
1912
1886
1871
1903
1932
1948
1978
1998
1980
1969
1951
1926
1908
1935
1929
1921
1901
1887
1879
1858
1880
1924
1956
1941
1908
1898
1881
1881
1869
1906
1904
1903
1888
1888
1867
1816
1846
1892
1931
1893
1843
1843
1841
1839
1844
1882
1911
1913
1912
1906
1869
1827
1834
1901
1900
1862
1825
1798
1806
1819
1826
1874
1915
1917
1922
1902
1878
1835
1813
1861
1864
1828
1795
1758
1760
1765
1806
1857
1908
1928
1928
1893
1862
1828
1787
1844
1830
1797
1764
1735
1717
1728
1790
1844
1897
1936
1919
1885
1861
1830
1798
1849
1830
1804
1770
1742
1708
1730
1790
1850
1910
1954
1920
1893
1867
1837
1801
1849
1831
1807
1774
1742
1719
1734
1801
1850
1913
1898
1928
1894
1942
1830
1796
1848
1848
1817
1776
1747
1747
1760
1792
1851
1902
1911
1922
1895
1863
1821
1802
1858
1874
1832
1801
1782
1783
1783
1817
1866
1899
1913
1910
1902
1866
1822
1827
1873
1923
1875
1822
1839
1835
1842
1844
1894
1909
1910
1910
1913
1882
1836
1864
1908
1949
1937
1911
1906
1905
1898
1897
1931
1923
1933
1922
1911
1905
1869
1908
1941
1977
1987
1976
1959
1952
1975
1927
1951
1949
1979
1919
1909
1941
1905
1944
1967
2054
2035
2053
2029
2012
1994
1972
1989
1981
1959
1937
1915
1915
1975
1987
2015
2034
2086
2121
2092
2061
2033
2009
2019
1997
1973
1939
1907
1948
2007
2038
2047
2053
2109
2158
2160
2116
2081
2053
2050
2042
1999
1962
1956
2001
2056
2070
2074
2094
2134
2176
2223
2168
2124
2089
2079
2096
2026
1990
2018
2053
2093
2129
