1651 9 13000 1 1450 a
1519
1558
1502
1452
1439
1436
1433
1427
1457
1470
1460
1459
1448
1408
1364
1359
1402
1409
1364
1325
1289
1289
1291
1290
1345
1378
1379
1382
1359
1318
1276
1246
1300
1300
1256
1220
1179
1191
1190
1215
1271
1315
1327
1340
1291
1261
1220
1187
1230
1211
1174
1146
1110
1085
1098
1153
1210
1263
1294
1285
1239
1217
1187
1151
1179
1162
1142
1102
1066
1038
1060
1117
1169
1225
1278
1249
1214
1182
1155
1120
1157
1140
1109
1079
1048
1018
1042
1095
1156
1206
1099
1231
1205
1169
1145
1109
1162
1142
1115
1086
1051
1045
1056
1108
1145
1218
1216
1242
1200
1186
1152
1124
1184
1185
1148
1123
1100
1108
1125
1149
1202
1232
1243
1252
1261
1223
1186
1176
1229
1272
1231
1186
1193
1205
1205
1210
1269
1283
1292
1305
1307
1271
1231
1249
1309
1345
1328
1291
1301
1309
1305
1303
1344
1356
1355
1354
1354
1342
1310
1353
1405
1439
1461
1444
1444
1437
1434
1426
1449
1451
1431
1430
1430
1422
1445
1480
1518
1554
1597
1606
1601
1598
1575
1562
1579
1488
1559
1536
1529
1535
1596
1633
1653
1672
1742
1790
1768
1749
1729
1710
1721
1710
1686
1665
1640
1677
1743
1778
1789
1812
1874
1940
1953
1915
1878
1858
1865
1863
1829
1798
1790
1852
1896
1937
1950
1980
2036
2077
2110
2068
2037
2006
2009
2011
1970
1924
1965
2011
2052
2090
2088
2119
2162
2205
2238
2228
2180
2174
2162
2152
2116
2099
2139
2176
2211
2237
2229
2255
2273
2322
2353
2378
2313
2324
2311
2288
2220
2293
2310
2343
2370
2389
2382
2398
2419
2440
2464
2479
2499
2467
2450
2424
2441
2468
2492
2516
2524
2541
2517
2528
2537
2558
2563
2587
2645
2612
2587
2555
2606
2650
2662
2670
2680
2692
2652
2644
2647
2652
2652
2702
2770
2750
2711
2693
2740
2784
2811
2809
2811
2802
2755
2728
2728
2711
2748
2791
2834
2858
2806
2819
2859
2896
2931
2923
2927
2902
2848
2794
2789
2785
2831
2874
2900
2964
2887
2910
2944
2982
3013
3028
3024
2973
2917
2860
2829
2840
2880
2908
2944
2975
2922
2954
2982
3022
3048
3097
3067
3004
2960
2892
2841
2874
2908
2934
2957
2994
2952
2982
3002
3042
3066
3100
3077
3014
2964
2902
2880
2884
2914
2945
2975
3000
2965
2975
3004
3040
3065
3067
3058
3020
2953
2899
2889
2872
2900
2936
2969
2996
2947
2936
2969
3002
3012
3016
2996
2976
2925
2883
2874
2863
2859
2898
2938
2939
2882
2856
2887
2924
2927
2923
2917
2901
2857
2832
2824
2832
2813
2844
2883
2872
2823
2783
2798
2821
2820
2880
2814
2813
2765
2764
2768
2766
2764
2775
2812
2771
2727
2674
2684
2686
2693
2697
2706
2708
2672
2676
2683
2693
2702
2716
2686
2653
2612
2586
2539
2527
2536
2555
2561
2577
2561
2569
2573
2595
2613
2612
2546
2513
2489
2468
2460
2352
2374
2395
2412
2434
2418
2425
2453
2475
2498
2454
2392
2356
2259
2315
2251
2192
2192
2225
2256
2281
2262
2266
2312
2338
2332
2283
2260
2188
2177
2150
2138
2048
2017
2062
1994
2121
2119
2118
2157
2201
2159
2113
2074
2028
2035
1996
1960
1921
1895
1888
1940
1952
1964
1978
1913
2030
1993
1951
1929
1895
1899
1876
1837
1804
1779
1754
1795
1812
1828
1850
1868
1845
1814
1794
1768
1742
1751
1735
1711
1692
1672
1721
1624
1653
1677
1705
1681
1651
1628
1619
1608
1588
1611
1602
1592
1574
1566
1530
1476
1509
1551
1571
1526
1476
1467
1462
1452
1476
1476
1480
1481
1486
1469
1426
1379
1376
1417
1425
1385
1341
1306
1306
1305
1310
1370
1386
1388
1391
1376
1332
1293
1262
1311
1309
1274
1221
1187
1194
1201
1227
1282
1326
1328
1336
1294
1259
1227
1186
1240
1222
1189
1149
1118
1101
1111
1165
1216
1275
1299
1285
1253
1214
1188
1155
1193
1163
1139
1100
1076
1046
1068
1124
1167
1227
1281
1246
1213
1188
1156
1127
1171
1141
1112
1086
1025
1025
1043
1104
1231
1219
1242
1239
1209
1179
1147
1119
1155
1148
1115
1090
1059
1053
1059
1100
1167
1215
1232
1238
1221
1187
1158
1121
1178
1190
1155
1121
1095
1103
1118
1145
1060
1237
1251
1265
1261
1221
1199
1181
1176
1260
1228
1193
1182
1191
1196
1212
1260
1280
1288
1296
1313
1269
1225
1249
1298
1346
1328
1291
1297
1298
1302
1301
1338
1345
1354
1353
1351
1340
1305
1349
1391
1432
1438
1427
1422
1441
1413
1410
1441
1440
1430
1423
1419
1430
1426
1470
1498
1536
1583
1588
1576
1567
1561
1547
1559
1555
1542
1527
1508
1502
1572
1595
1629
1651
1715
1760
1742
1723
1702
1684
1690
1687
1662
1644
1611
1642
1724
1754
1768
1788
1856
1916
1914
1889
1861
1841
1843
1838
1807
1769
1767
1830
1877
1917
1926
1957
2000
2064
2085
2041
2011
1981
1987
1988
1964
1903
1939
1986
2026
2076
2068
2101
2143
2182
2221
2212
2170
2147
2140
2138
2097
2083
2125
2157
2192
2224
2213
2246
2273
2303
2336
2363
2321
2312
2294
2279
2252
2273
2302
2322
2354
2377
2371
2381
2412
2431
2456
2478
2486
2462
2439
2405
2424
2456
2495
2495
2505
2524
2504
2508
2517
2534
2551
2576
2629
2602
2570
2534
2585
2630
2644
2649
2653
2664
2623
2625
2622
2639
2644
2680
2728
2724
2688
2670
2721
2754
2801
2791
2797
2794
2741
2716
2716
2711
2735
2779
2821
2849
2795
2793
2845
2877
2930
2908
2905
2886
2832
2782
2778
2771
2819
2851
2892
2924
2867
2888
2920
2958
2974
3011
2998
2953
2896
2843
2815
2832
2858
2896
2934
2961
2920
2945
2972
3012
3036
3067
3049
2989
2940
2889
2833
2863
2893
2918
2955
2989
2953
2972
3010
3031
3074
3092
3075
3014
2959
2905
2863
2880
2916
2942
2974
3003
2974
2980
3016
3040
3046
3081
3060
3020
2963
2907
2890
2880
2905
2945
2977
3006
2949
2947
2972
3005
3031
3017
3013
2977
2928
2891
2876
2868
2868
2858
2935
2949
2858
2844
2900
2938
2938
2920
2922
2910
2864
2837
2832
2823
2823
2851
2893
2878
2832
2779
2806
2835
2837
2828
2826
2826
2785
2771
2771
2772
2769
2780
2824
2780
2739
2715
2687
2705
2703
2714
2718
2720
2687
2687
2696
2700
2705
2714
2699
2671
2627
2604
2547
2533
2550
2558
2580
2589
2559
2572
2584
2599
2606
2613
2548
2518
2491
2471
2406
2353
2380
2397
2395
2439
2422
2431
2437
2476
2495
2459
2368
2360
2340
2315
2245
2192
2183
2215
2242
2280
2256
2269
2303
2332
2338
2289
2235
2196
2186
2159
2106
2055
2025
2070
2101
2129
2123
2122
2164
2203
2169
2133
2075
2038
2040
2011
1968
1928
1888
1892
1945
1960
1976
1979
2012
2036
2003
1962
1924
1899
1900
1871
1837
1805
1773
1749
1805
1828
1821
1845
1873
1854
1830
1796
1777
1759
1762
1743
1706
1701
1676
1654
1644
1674
1692
1714
1700
1685
1650
1641
1616
1614
1624
1610
1603
1586
1574
1558
1490
1526
1560
1590
1537
1495
1480
1478
1463
1453
1494
1499
1488
1490
1487
1438
1397
1391
1427
1449
1406
1350
1328
1334
1326
1333
1377
1408
1407
1406
1386
1342
1301
1273
1329
1316
1280
1247
1198
1212
1207
1235
1283
1332
1334
1334
1302
1267
1230
1188
1240
1222
1192
1161
1122
1110
1116
1165
1222
1271
1299
1292
1254
1220
1193
1154
1193
1176
1147
1111
1080
1048
1069
1123
1186
1240
1284
1259
1231
1190
1162
1137
1165
1149
1118
1092
1061
1027
1053
1107
1168
1217
1252
1243
1216
1180
1154
1119
1167
1149
1121
1090
1060
1053
1068
1119
1172
1223
1246
1262
1230
1200
1166
1134
1181
1189
1154
1125
1092
1110
1122
1150
1333
1244
1250
1263
1260
1232
1199
1178
1231
1254
1227
1188
1181
1187
1196
1210
1264
1292
1291
1300
1301
1270
1238
1244
1297
1339
1315
1280
1291
1288
1299
1301
1341
1352
1355
1357
1356
1350
1305
1350
1390
1437
1435
1424
1422
1417
1418
1408
1439
1437
1421
1429
1421
1414
1428
1456
1484
1534
1572
1571
1572
1559
1549
1539
1559
1552
1539
1523
1512
1507
1567
1589
1620
1654
1715
1759
1735
1714
1691
1672
1685
1674
1660
1635
1611
1648
1715
1744
1766
1785
1846
1912
1908
1884
1846
1825
1838
1832
1852
1767
1768
1822
1865
1914
1910
1953
2004
2057
2074
2038
2007
1988
1985
1986
1946
1903
1941
1988
2031
2075
2073
2101
2143
2188
2229
2203
2161
2137
2135
2130
2093
2065
2107
2144
2178
2210
2203
2231
2262
2295
2327
2361
2312
2298
2277
2166
2234
2259
2280
2309
2330
2364
2353
2369
2391
2414
2444
2459
2456
2446
2423
2396
2409
2431
2449
2473
2489
2499
2490
2498
2511
2531
2540
2564
2621
2564
2557
2525
2575
2642
2632
2647
2652
2659
2625
2623
2627
2626
2638
2681
2734
2731
2693
2679
2725
2772
2793
2792
2798
2793
2751
2720
2723
2719
2740
2785
2822
2847
2801
2796
2840
2882
2905
2910
2907
2885
2830
2787
2783
2778
2812
2852
2888
2927
2871
2883
2925
2965
2996
3015
3005
2961
2902
2843
2825
2824
2874
2906
2938
2966
2923
2945
2980
3013
3038
3077
3060
2997
2952
2888
2842
2870
2931
2929
2965
2992
2937
2978
3005
3038
3072
3106
3076
3005
2969
2904
2862
2886
2910
2947
2972
3006
2960
2968
3003
3028
3066
3069
3058
3016
2944
2896
2885
2864
2902
2931
2964
2991
2943
2944
2972
3006
3032
3028
3008
2973
2917
2886
2869
2862
2864
2898
2937
2946
2892
2860
2884
2930
2936
2935
2923
2906
2852
2828
2818
2820
2809
2839
2867
2872
2814
2780
2804
2835
2828
2828
2824
2821
2781
2777
2771
2769
2765
2792
2823
2778
2734
2692
2691
2709
2710
2724
2706
2727
2690
2687
2704
2697
2707
2713
2718
2671
2642
2601
2552
2554
2568
2575
2571
2594
2579
2581
2581
2605
2618
2632
2567
2536
2496
2480
2422
2383
2398
2420
2438
2454
2441
2447
2470
2492
2514
2484
2419
2391
2368
2344
2281
2216
2220
2251
2280
2312
2292
2295
2331
2362
2374
2324
2259
2219
2215
2185
2130
2079
2058
2090
2132
2155
2152
2148
2188
2227
2203
2151
2095
2062
2067
2029
1992
1952
1909
1921
1975
1996
1989
1996
2038
2058
2021
1982
1953
1900
1924
1892
1862
1817
1799
1765
1821
1833
1848
1864
1890
1863
1836
1811
1787
1768
1776
1755
1733
1707
1684
1663
1655
1682
1700
1725
1712
1680
1671
1648
1627
1615
1633
1621
1615
1603
1582
1553
1497
1532
1569
1600
1555
1499
1492
1485
1473
1472
1501
1507
1501
1492
1486
1444
1398
1392
1442
1461
1410
1354
1338
1337
1336
1341
1371
1408
1407
1476
1394
1349
1306
1289
1328
1327
1286
1242
1235
1218
1220
1247
1202
1340
1337
1351
1309
1276
1241
1202
1247
1240
1196
1175
1123
1116
1120
1174
1222
1276
1307
1294
1260
1224
1194
1165
1207
1183
1158
1124
1086
1057
1081
1130
1194
1239
1301
1262
1235
1203
1171
1142
1184
1163
1124
1101
1064
1041
1065
1116
1181
1231
1264
1249
1218
1192
1154
1136
1175
1158
1119
1096
1042
1048
1066
1112
1174
1231
1240
1254
1225
1192
1165
1135
1175
1173
1148
1115
1084
1077
1109
1135
1195
1204
1247
1260
1253
1228
1185
1173
1225
1261
1216
1183
1175
1180
1192
1211
1264
1294
1296
1301
1302
1274
1234
1248
1300
1347
1314
1284
1281
1293
1297
1300
1353
1367
1351
1357
1358
1346
1302
1341
1394
1429
1426
1414
1408
1408
1405
1392
1433
1433
1429
1425
1418
1401
1413
1450
1486
1529
1573
1563
1565
1555
1539
1535
1557
1549
1542
1518
1509
1494
1570
1590
1620
1647
1699
1740
1732
1706
1716
1671
1685
1677
1655
1636
1612
1650
1714
1743
1767
1790
1851
1914
1899
1873
1850
1822
1833
1826
1793
1765
1748
1805
1862
1896
1908
1933
1991
2038
2081
2039
2006
1985
1991
1988
1950
1907
1938
1974
2025
2071
2068
2094
2140
2182
2221
2202
2156
2135
2135
2124
2040
2054
2097
2125
2159
2192
2188
2221
2260
2289
2321
2341
2276
2278
2261
2253
2222
2240
2262
2284
2315
2332
2334
2351
2380
2360
2424
2444
2456
2428
2403
2381
2397
2428
2446
2465
2481
2499
2479
2491
2505
2524
2532
2559
2613
2583
2547
2519
2556
2606
2621
2630
2638
2645
2609
2612
2619
2627
2639
2672
2712
2713
2674
2655
2709
2755
2773
2774
2774
2776
2727
2709
2708
2707
2724
2774
2811
2830
2785
2790
2825
2864
2903
2894
2890
2859
2822
2765
2768
2766
2803
2841
2880
2920
2862
2882
2912
2954
2972
3003
2997
2951
2871
2844
2811
2828
2868
2877
2923
2963
2921
2945
2978
3005
3039
3072
3060
3000
2940
2882
2834
2865
2900
2927
2965
2988
2961
2978
3006
3034
3066
3097
3076
3027
2962
2909
2868
2882
2914
2940
2976
3006
2964
2975
3000
3035
3061
3072
3069
3006
2956
2896
2886
2872
2889
2932
2954
2989
2941
2941
2968
3003
3028
3024
3015
2981
2917
2885
2877
2861
2860
2885
2932
2949
2896
2859
2902
2937
2946
2963
2929
2915
2861
2839
2830
2825
2811
2851
2885
2888
2827
2792
2821
2848
2844
2840
2841
2836
2785
2781
2779
2778
2774
2787
2826
2788
2736
2703
2700
2723
2724
2724
2728
2728
2696
2698
2707
2703
2716
2721
2718
2676
2645
2605
2563
2565
2572
2576
2593
2598
2579
2585
2593
2611
2623
2644
2572
2533
2512
2475
2444
2396
2407
2419
2443
2466
2440
2451
2482
2498
2500
2491
2423
2394
2375
2356
2261
2225
2235
2255
2291
2312
2300
2303
2330
2369
2374
2324
2422
2223
2211
2183
2134
2073
2059
2087
2130
2159
2150
2155
2192
2211
2201
2149
2104
2126
2064
2041
1983
1952
1910
1934
1978
1998
1999
2014
2036
2047
2010
1978
1948
1910
1916
1888
1859
1824
1792
1772
1823
1836
1843
1869
1885
1880
1847
1828
1802
1769
1770
1760
1728
1712
1689
1664
1667
1684
1710
1733
1717
1694
1676
1654
1643
1619
1634
1628
1615
1590
1581
1552
1509
1541
1572
1607
1584
1513
1499
1495
1490
1473
1502
1508
1506
1495
1488
1450
1404
1404
1461
1466
1420
1370
1363
1347
1342
1344
1387
1419
1410
1410
1396
1351
1308
1288
1336
1334
1295
1252
1222
1224
1231
1244
1297
1338
1342
1347
1314
1271
1237
1198
1244
1234
1204
1161
1132
1121
1127
1175
1225
1283
1310
1293
1264
1229
1202
1160
1200
1174
1144
1114
1085
1052
1079
1125
1179
1239
1284
1251
1228
1188
1161
1126
1169
1142
1118
1084
1051
1048
1045
1110
1161
1239
1258
1245
1213
1187
1151
1128
1163
1147
1113
1074
1055
1040
1055
1107
1166
1220
1232
1245
1218
1185
1152
1125
1175
1177
1145
1119
1086
1093
1104
1138
1198
1236
1253
1234
1254
1218
1176
1155
1216
1244
1217
1134
1162
1174
1186
1203
1253
1286
1284
1298
1301
1269
1227
1234
1286
1331
1298
1269
1276
1273
1293
1285
1334
1351
1341
1340
1347
1342
1291
1335
1368
1410
1421
1390
1389
1388
1384
1381
1414
1412
1393
1403
1397
1324
1384
1425
1461
1497
1549
1542
1533
1523
1515
1499
1516
1516
1506
1493
1491
1470
1533
1558
1589
1613
1722
1715
1700
1691
1666
1653
1667
1664
1636
1618
1582
1634
1694
1722
1744
1771
1832
1891
1885
1856
1825
1805
1821
1815
1781
1754
1741
1791
1868
1884
1892
1923
1973
2025
2072
2028
1999
1970
1981
1970
1923
1898
1928
1971
2010
2060
2053
2084
2129
2177
2214
2190
2145
2138
2120
2115
2073
2055
2095
2131
2172
2199
2201
2231
2270
2306
2337
2361
2296
2280
2274
2260
2228
2236
2267
2293
2328
2348
2340
2363
2385
2409
2436
2458
2452
2434
2412
2387
2396
2424
2443
2464
2479
2497
2484
2492
2509
2518
2539
2559
2611
2567
2546
2511
2548
2607
2611
2618
2631
2646
2610
2602
2612
2621
2629
2666
2721
2709
2671
2641
2691
2739
2761
2766
2773
2765
2718
2700
2702
2700
2743
2760
2807
2821
2798
2770
2809
2855
2882
2882
2875
2855
2810
2766
2759
2760
2801
2826
2870
2900
2856
2868
2902
2931
2972
2976
2977
2931
2882
2823
2800
2804
2845
2878
2915
2948
2906
2931
2964
2999
3025
3054
3037
2984
2927
2870
2818
2853
2884
2915
2946
2976
2936
2963
2989
3023
3058
3082
3072
3008
2950
2889
2860
2874
2901
2931
2965
2990
2956
2968
2999
3027
3058
3080
3061
3015
2959
2907
2880
2869
2900
2924
2962
2996
2943
2982
2974
3000
3034
3032
3014
2976
2928
2877
2868
2844
2866
2902
2937
2955
2900
2872
2904
2971
2953
2948
2941
2924
2876
2844
2832
2829
2824
2854
2892
2891
2844
2788
2827
2860
2857
2853
2848
2841
2801
2787
2781
2775
2776
2791
2834
2796
2757
2706
2711
2726
2730
2727
2732
2731
2704
2700
2706
2706
2715
2903
2722
2685
2649
2616
2575
2583
2594
2599
2614
2616
2592
2604
2596
2624
2640
2648
2628
2565
2535
2505
2456
2412
2436
2451
2465
2486
2470
2474
2490
2514
2532
2511
2429
2405
2390
2368
2304
2237
2245
2268
2299
2330
2312
2322
2349
2381
2394
2342
2245
2235
2236
2199
2147
2098
2052
2099
2134
2155
2122
2153
2189
2227
2205
2162
2110
2068
2071
2042
2000
1956
1909
1940
1975
2001
1998
2006
2043
2066
2030
1992
1957
1913
1919
1894
1861
1819
1789
1772
1820
1807
1851
1981
1895
1892
1860
1834
1799
1767
1786
1758
1729
1710
1685
1654
1676
1698
1717
1743
1740
1717
1692
1679
1651
1643
1661
1648
1638
1612
1589
1576
1534
1563
1592
1620
1573
1533
1520
1511
1504
1489
1525
1527
1520
1512
1501
1462
1408
1406
1450
1472
1426
1368
1356
1355
1352
1348
1394
1419
1411
1412
1402
1359
1310
1300
1344
1347
1302
1261
1226
1233
1237
1252
1304
1344
1346
1351
1320
1279
1241
1206
1248
1243
1216
1171
1127
1127
1138
1169
1221
1275
1302
1292
1254
1226
1196
1154
1210
1170
1151
1114
1102
1049
1077
1134
1189
1288
1290
1267
1227
1194
1166
1128
1174
1146
1122
1098
1059
1039
1052
1108
1168
1216
1266
1257
1218
1184
1156
1124
1162
1149
1113
1089
1046
1038
1056
1110
1174
1222
1242
1250
1224
1190
1157
1122
1176
1177
1139
1115
1082
1089
1103
1136
1195
1241
1247
1257
1250
1218
1182
1166
1216
1231
1204
1163
1157
1164
1175
1190
1246
1278
1275
1288
1294
1255
1220
1226
1274
1329
1290
1254
1258
1267
1242
1274
1315
1328
1336
1335
1359
1323
1281
1314
1353
1404
1393
1376
1380
1375
1372
1367
1402
1405
1412
1399
1396
1395
1386
1427
1462
1491
1545
1540
1532
1526
1514
1508
1526
1524
1515
1504
1488
1484
1533
1560
1592
1625
1684
1708
1688
1676
1660
1645
1661
1647
1632
1607
1590
1613
1679
1709
1726
1753
1812
1880
1854
1836
1807
1787
1806
1792
1762
1726
1710
1776
1831
1868
1897
1910
1959
2034
2045
2006
1978
1916
1960
1958
1912
1874
1904
1949
2001
2042
2040
2070
2112
2156
2201
2177
2124
2108
2111
2108
2069
2040
2077
2115
2160
2191
2192
2183
2206
2234
2274
2265
2256
2237
2228
2211
2202
2182
2205
2235
2265
2252
2241
2216
2244
2265
2297
2302
2277
2257
2233
2211
2190
2204
2224
2242
2257
2265
2128
2231
2236
2268
2275
2286
2291
2254
2234
2176
2187
2225
2228
2248
2261
2262
2234
2216
2226
2234
2253
2270
2302
2272
2235
2197
2218
2268
2267
2276
2282
2277
2234
2216
2217
2216
2221
2259
2304
2288
2245
2216
2258
2302
2316
2315
2309
2299
2248
2218
2206
2201
2222
2255
2299
2311
2253
2251
2290
2322
2361
2349
2343
2311
2258
2210
2199
2193
2226
2264
2301
2322
2264
2280
2308
2345
2375
2391
2379
2329
2276
2219
2179
2198
2228
2267
2285
2327
2278
2287
2324
2358
2387
2415
2396
2342
2284
2247
2172
2193
2232
2259
2299
2328
2278
2289
2329
2365
2385
2356
2395
2334
2277
2227
2189
2203
2233
2264
2295
2325
2292
2288
2327
2354
2389
2400
2382
2335
2268
2224
2205
2201
2229
2269
2307
2334
2271
2272
2299
2344
2378
2364
2358
2328
2274
2230
2226
2218
2232
2272
2306
2324
2270
2234
2279
2313
2322
2327
2319
2309
2250
2237
2223
2226
2228
2260
2308
2293
2248
2204
2250
2268
2269
2272
2345
2272
2234
2224
2229
2227
2227
2249
2288
2250
2202
2177
2169
2187
2201
2209
2211
2221
2191
2192
2204
2220
2227
2236
2232
2211
2172
2133
2104
2112
2129
2141
2160
2184
2155
2162
2180
2193
2224
2234
2174
2159
2131
2117
2064
2039
2068
2091
2121
2144
2138
2141
2168
2192
2220
2199
2135
2124
2109
2093
2040
1982
2007
2049
2083
2108
2099
2115
2145
2184
2209
2152
2105
2115
2080
2058
2011
2006
1950
1985
1928
2064
2065
2067
2108
2148
2131
2084
2050
2018
2034
2020
1973
1929
1902
1931
1985
2006
2018
2030
2075
2090
2056
2033
2007
1979
1991
1970
1940
1921
1882
1882
1943
1961
1978
2004
2039
2026
1999
1984
1961
1945
1960
1953
1934
1919
1900
1893
1886
1923
1944
1981
1976
1952
1938
1928
1915
1898
1926
1928
1924
1910
1908
1878
1844
1875
1926
1952
1926
1887
1880
1879
1874
1871
1935
1925
1913
1921
1922
1880
1837
1854
1899
1930
1888
1849
1832
1839
1836
1855
1902
1943
1939
1946
1922
1895
1848
1837
1886
1878
1849
1815
1779
1829
1796
1821
1876
1926
1939
1946
1910
1874
1835
1798
1863
1859
1823
1783
1754
1742
1756
1805
1862
1913
1947
1933
1901
1870
1838
1806
1852
1843
1812
1776
1748
1715
1742
1800
1854
1912
1967
1929
1896
1864
1838
1801
1847
1823
1800
1770
1736
1719
1730
1791
1846
1901
1939
1925
1893
1870
1838
1804
1847
1846
1813
1786
1751
1734
1750
1798
1856
1914
1930
1935
1896
1867
1820
1800
1854
1864
1785
1798
1764
1773
1784
1817
1874
1907
1925
1917
1899
1868
1830
1820
1874
1904
1863
1820
1814
1815
1820
1838
1882
1910
1912
1915
1913
1875
1842
1846
1891
1936
1904
1868
1868
1868
1863
1862
1906
1914
1911
1907
1909
1891
1844
1883
1922
1853
1969
1941
1942
1927
1921
1907
1945
1940
1927
1921
1899
1896
1881
1925
1959
1990
2018
2017
2008
1987
1974
1957
1976
1973
1947
1909
1909
1897
1949
1951
1995
2015
2067
2083
2056
2035
2011
1990
2003
1990
1965
1926
1903
1941
1994
2020
2028
2044
2093
2151
2127
2091
2052
2022
2031
2019
1978
1944
1922
1973
2031
2052
2070
2072
2123
2165
2184
2144
2104
2070
2069
2064
2013
1975
1993
2027
2076
2106
2091
2114
2155
2189
2225
2193
2142
2126
2113
2096
2064
2042
2068
2090
2129
2154
2146
2166
2187
2209
2223
2249
2190
2171
2138
2128
2101
2098
2133
2142
2161
2182
2156
2175
2188
2209
2209
2242
2234
2211
2185
2151
2145
2174
2189
2200
2212
2220
2196
2198
2206
2217
2221
2249
2285
2243
2211
2164
2204
2259
2246
2261
2256
2254
2219
2207
2208
2219
2211
2248
2299
2280
2238
2206
2254
2296
2307
2307
2302
2290
2249
2211
2215
2208
2207
2258
2301
2310
2254
2253
2278
2326
2362
2352
2338
2317
2265
2213
2206
2201
2228
2254
2300
2325
2275
2242
2314
2349
2380
2393
2379
2335
2278
2225
2196
2200
2239
2272
2305
2337
2287
2299
2326
2363
2389
2425
2395
2344
2282
2231
2178
2206
2239
2269
2292
2330
2278
2300
2329
2360
2388
2427
2395
2343
2291
2226
2199
2202
2234
2263
2296
2324
2284
2283
2316
2354
2192
2400
2382
2327
2273
2218
2208
2201
2238
2274
2306
2326
2278
2271
2305
2335
2368
2364
2343
2316
2260
2231
2233
2215
2233
2266
2249
2320
2271
2238
2242
2315
2331
2323
2322
2303
2246
2239
2229
2224
2216
2262
2303
2290
2248
2204
2234
2271
2272
2273
2272
2276
2232
2222
2224
2240
2236
2257
2299
2259
2220
2179
2182
2202
2210
2220
2232
2230
2202
2206
2214
2226
2234
2249
2246
2215
2184
2156
2117
2135
2148
2164
2174
2195
2169
2184
2203
2220
2238
2259
2205
2176
2159
2135
2086
2054
2074
2100
2123
2134
2140
2153
2180
2200
2237
2212
2155
2100
2118
2092
2043
1991
2021
2059
2084
2125
2112
2122
2160
2206
2224
2182
2131
2095
2094
2074
2023
1986
1963
2008
2067
2074
2074
2080
2134
2173
2152
2106
2080
2043
2042
2029
2004
1960
1923
1953
2004
2024
2029
2043
2058
2109
2079
2052
2018
1994
2003
1982
1957
1921
1904
1893
1946
1970
1981
2018
2030
2033
2008
1983
1968
1938
1970
1954
1940
1921
1904
1885
1901
1924
1959
1978
1980
1962
1975
1940
1923
1910
1933
1941
1919
1922
1915
1893
1859
1897
1923
1968
1943
1906
1904
1900
1892
1880
1927
1947
1936
1932
1932
1908
1848
1868
1910
1943
1892
1852
1840
1838
1843
1854
1900
1930
1933
1931
1928
1883
1850
1831
1881
1894
1845
1814
1785
1788
1794
1824
1880
1925
1928
1940
1906
1871
1841
1807
1856
1851
1812
1785
1761
1736
1759
1804
1850
1916
1795
1924
1897
1868
1829
1800
1852
1834
1807
1781
1748
1716
1743
1798
1856
1909
1964
1937
1903
1874
1837
1808
1850
1839
1807
1778
1750
1716
1750
1797
1854
1909
1963
1935
1906
1873
1846
1810
1849
1843
1808
1781
1757
1737
1744
1803
1853
1915
1926
1929
1899
1864
1836
1806
1857
1867
1832
1798
1764
1774
1786
1816
1865
1912
1916
1933
1914
1867
1838
1828
1885
1903
1861
1819
1817
1824
1830
1839
1886
1911
1914
1916
1918
1883
1840
1849
1894
1936
1899
1864
1863
1864
1863
1864
1909
1916
1914
1912
1909
1884
1841
1878
1917
1950
1962
1968
1929
1916
1919
1937
1937
1940
1929
1924
1910
1896
1895
1920
1954
1993
2027
2007
2003
1980
1966
1950
1972
1958
1936
1922
1900
1886
1948
1963
1985
2009
2102
2084
2067
2038
2008
1992
2003
1992
1963
1936
1899
1931
1998
2015
2021
2040
2092
2149
2115
2085
2054
2023
2032
2034
1987
1947
1924
1970
2027
2067
2055
2081
2123
2170
2178
2142
2095
2068
2066
2055
2008
1970
1990
2023
2065
2093
2094
2103
2144
2179
2209
2179
2127
2105
2128
2082
2029
2011
2052
2070
2096
2134
2125
2141
2156
2190
2210
2230
2177
2156
2141
2116
2088
2091
2108
2136
2156
2176
2158
2167
2188
2202
2223
2240
2230
2192
2172
2143
2140
2158
2185
2192
2207
2215
2190
2193
2205
2215
2226
2241
2286
2251
2209
2171
2204
2235
2237
2247
2254
2259
2221
2207
2202
2208
2213
2249
2294
2277
2233
2197
2245
2288
2300
2304
2297
2298
2239
2190
2204
2194
2215
2302
2293
2293
2255
2247
2282
2323
2347
2336
2332
2295
2257
2205
2200
2188
2226
2256
2290
2324
2264
2279
2310
2345
2376
2393
2371
2333
2281
2223
2033
2206
2241
2273
2307
2336
2293
2304
2335
2365
2394
2427
2401
2349
2295
2241
2187
2217
2244
2276
2304
2338
2290
2301
2331
2353
2392
2426
2402
2338
2284
2235
2189
2211
2234
2272
2293
2330
2289
2292
2317
2356
2388
2408
2364
2339
2283
2228
2220
2209
2236
2275
2307
2341
2295
2282
2320
2349
2377
2378
2372
2332
2289
2232
2229
2201
2234
2270
2307
2319
2271
2240
2280
2316
2334
2330
2323
2299
2258
2236
2225
2227
2216
2261
2304
2292
2247
2200
2239
2274
2277
2274
2275
2275
2232
2223
2226
2228
2230
2248
2293
2266
2220
2184
2195
2202
2208
2217
2233
2230
2200
2205
2213
2216
2233
2243
2245
2207
2182
2155
2118
2125
2147
2159
2179
2174
2167
2178
2198
2211
2242
2256
2201
2181
2156
2131
2081
2055
2081
2101
2125
2150
2141
2147
2171
2201
2274
2209
2143
2129
2119
2100
2036
1991
2026
2051
2088
2115
2094
2117
2152
2185
2215
2166
2124
2086
2085
2065
2018
1984
1961
2007
2049
2067
2074
2088
2126
2180
2155
2112
2073
2043
2044
2034
1990
1955
1916
1943
2003
2021
2044
2043
2092
2115
2078
2051
2023
1992
1981
1990
1960
1933
1893
1897
1962
1977
1992
2017
2040
2053
2026
2009
1978
1965
1980
1978
1950
1940
1919
1898
1921
1942
1974
1998
2009
1988
1970
1954
1944
1930
1957
1960
1944
1938
1923
1911
1876
1908
1945
1980
1885
1919
1905
1906
1899
1896
1933
1940
1936
1936
1923
1895
1851
1869
1906
1941
1901
1851
1840
1843
1845
1853
1900
1935
1940
1931
1920
1880
1836
1840
1890
1884
1855
1813
1786
1806
1800
1830
1875
1837
1938
1940
1906
1877
1833
1803
1862
1865
1821
1793
1745
1737
1754
1810
1862
1912
1939
1930
1897
1861
1830
1799
1853
1833
1799
1769
1739
1708
1739
1788
1841
1903
1941
1926
1886
1863
1836
1798
1840
1835
1800
1768
1744
1707
1730
1792
1847
1882
1939
1921
1892
1860
1831
1794
1847
1839
1806
1766
1740
1721
1732
1796
1850
1904
1923
1923
1895
1857
1825
1788
1848
1854
1808
1785
1748
1756
1753
1805
1850
1898
1860
1919
1891
1859
1821
1807
1858
1883
1856
1806
1790
1801
1800
1833
1869
1896
1901
1890
1905
1864
1827
1844
1881
1928
1895
1867
1859
1857
1857
1859
1901
1901
1907
1907
1904
1876
1840
1874
1917
1957
1956
1933
1920
1916
1908
1905
1938
1935
1929
1918
1905
1898
1883
1923
1958
1985
2026
2004
1994
1980
1955
1942
1960
1959
1940
1925
1906
1892
1937
1953
1982
2005
2052
2077
2054
2036
2010
1978
2000
1981
1960
1940
1909
1923
1986
2002
2020
2031
2093
2138
2111
2077
2044
2019
2019
2016
1976
1945
1913
1963
2014
2040
2054
2060
2105
2156
2164
2122
2078
2048
2048
2034
2004
1948
1962
2018
2044
2072
2070
2092
2130
2164
2204
2171
2121
2101
2088
2074
2033
2000
2039
2064
2100
2135
2121
2128
2163
2191
2217
2217
2161
2134
2129
2111
2073
2068
2086
2113
2136
2157
2142
2146
2170
2184
2201
2220
2204
2176
2142
2124
2110
2140
2162
2173
2182
2193
2170
2174
2192
2199
2206
2224
2260
2223
2192
2167
2155
2221
2221
2290
2234
2251
2204
2193
2198
2195
2205
2234
2281
2265
2218
2181
2230
2274
2281
2276
2279
2270
2224
2196
2194
2192
2204
2243
2264
2284
2231
2224
2264
2303
2328
2319
2324
2284
2245
2196
2185
2166
2201
2243
2283
2306
2252
2255
2297
2326
2366
2370
2359
2306
2258
2206
2181
2194
2221
2258
2285
2313
2266
2279
2325
2353
2380
2410
2390
2340
2270
2223
2169
2204
2219
2261
2319
2322
2279
2292
2357
2351
2380
2459
2378
2330
2271
2275
2176
2192
2224
2256
2280
2317
2264
2276
2303
2336
2371
2390
2376
2316
2265
2206
2192
2188
2223
2256
2290
2321
2273
2257
2304
2327
2373
2369
2356
2319
2266
2228
2214
2200
2217
2261
2292
2311
2260
2237
2277
2312
2326
2322
2316
2294
2241
2226
2207
2218
2214
2254
2297
2281
2241
2208
2228
2270
2266
2265
2267
2268
