1651 9 15900 1 1450 10
0.722565651
0.722565651
0.722565651
0.722565651
0.722565651
0.722565651
0.722565651
0.722565651
0.807389259
0.807389259
0.807389259
0.807389259
0.807389259
0.807389259
0.807389259
0.807389259
0.892211914
0.892211914
0.892211914
0.892211914
0.892211914
0.892211914
0.892211914
0.892211914
0.977034569
0.977034569
0.977034569
0.977034569
0.977034569
0.977034569
0.977034569
0.977034569
1.06185818
1.06185818
1.06185818
1.06185818
1.06185818
1.06185818
1.06185818
1.06185818
1.14668083
1.14668083
1.14668083
1.14668083
1.14668083
1.14668083
1.14668083
1.14668083
1.23150444
1.23150444
1.23150444
1.23150444
1.23150444
1.23150444
1.23150444
1.23150444
1.3163271
1.3163271
1.3163271
1.3163271
1.3163271
1.3163271
1.3163271
1.3163271
1.40114975
1.40114975
1.40114975
1.40114975
1.40114975
1.40114975
1.40114975
1.40114975
1.48597336
1.48597336
1.48597336
1.48597336
1.48597336
1.48597336
1.48597336
1.48597336
1.56608391
1.56608391
1.56608391
1.56608391
1.56608391
1.56608391
1.56608391
1.56608391
1.65090656
1.65090656
1.65090656
1.65090656
1.65090656
1.65090656
1.65090656
1.65090656
1.73572922
1.73572922
1.73572922
1.73572922
1.73572922
1.73572922
1.73572922
1.73572922
1.82055283
1.82055283
1.82055283
1.82055283
1.82055283
1.82055283
1.82055283
1.82055283
1.90537548
1.90537548
1.90537548
1.90537548
1.90537548
1.90537548
1.90537548
1.90537548
1.99019909
1.99019909
1.99019909
1.99019909
1.99019909
1.99019909
1.99019909
1.99019909
2.07502174
2.07502174
2.07502174
2.07502174
2.07502174
2.07502174
2.07502174
2.07502174
2.1598444
2.1598444
2.1598444
2.1598444
2.1598444
2.1598444
2.1598444
2.1598444
2.24466801
2.24466801
2.24466801
2.24466801
2.24466801
2.24466801
2.24466801
2.24466801
2.32949066
2.32949066
2.32949066
2.32949066
2.32949066
2.32949066
2.32949066
2.32949066
2.41431332
2.41431332
2.41431332
2.41431332
2.41431332
2.41431332
2.41431332
2.41431332
2.49913692
2.49913692
2.49913692
2.49913692
2.49913692
2.49913692
2.49913692
2.49913692
2.58395958
2.58395958
2.58395958
2.58395958
2.58395958
2.58395958
2.58395958
2.58395958
2.66878319
2.66878319
2.66878319
2.66878319
2.66878319
2.66878319
2.66878319
2.66878319
2.75360584
2.75360584
2.75360584
2.75360584
2.75360584
2.75360584
2.75360584
2.75360584
2.8384285
2.8384285
2.8384285
2.8384285
2.8384285
2.8384285
2.8384285
2.8384285
2.92325211
2.92325211
2.92325211
2.92325211
2.92325211
2.92325211
2.92325211
2.92325211
3.00807476
3.00807476
3.00807476
3.00807476
3.00807476
3.00807476
3.00807476
3.00807476
3.09289742
3.09289742
3.09289742
3.09289742
3.09289742
3.09289742
3.09289742
3.09289742
3.17772102
3.17772102
3.17772102
3.17772102
3.17772102
3.17772102
3.17772102
3.17772102
3.26254368
3.26254368
3.26254368
3.26254368
3.26254368
3.26254368
3.26254368
3.26254368
3.34736633
3.34736633
3.34736633
3.34736633
3.34736633
3.34736633
3.34736633
3.34736633
3.43218994
3.43218994
3.43218994
3.43218994
3.43218994
3.43218994
3.43218994
3.43218994
3.51701355
3.51701355
3.51701355
3.51701355
3.51701355
3.51701355
3.51701355
3.51701355
3.60183525
3.60183525
3.60183525
3.60183525
3.60183525
3.60183525
3.60183525
3.60183525
3.68665886
3.68665886
3.68665886
3.68665886
3.68665886
3.68665886
3.68665886
3.68665886
3.77148247
3.77148247
3.77148247
3.77148247
3.77148247
3.77148247
3.77148247
3.77148247
3.85630417
3.85630417
3.85630417
3.85630417
3.85630417
3.85630417
3.85630417
3.85630417
3.94112778
3.94112778
3.94112778
3.94112778
3.94112778
3.94112778
3.94112778
3.94112778
4.02595139
4.02595139
4.02595139
4.02595139
4.02595139
4.02595139
4.02595139
4.02595139
4.11077309
4.11077309
4.11077309
4.11077309
4.11077309
4.11077309
4.11077309
4.11077309
4.19559669
4.19559669
4.19559669
4.19559669
4.19559669
4.19559669
4.19559669
4.19559669
4.2804203
4.2804203
4.2804203
4.2804203
4.2804203
4.2804203
4.2804203
4.2804203
4.365242
4.365242
4.365242
4.365242
4.365242
4.365242
4.365242
4.365242
4.45006561
4.45006561
4.45006561
4.45006561
4.45006561
4.45006561
4.45006561
4.45006561
4.53488922
4.53488922
4.53488922
4.53488922
4.53488922
4.53488922
4.53488922
4.53488922
4.61971283
4.61971283
4.61971283
4.61971283
4.61971283
4.61971283
4.61971283
4.61971283
4.70453453
4.70453453
4.70453453
4.70453453
4.70453453
4.70453453
4.70453453
4.70453453
4.78464508
4.78464508
4.78464508
4.78464508
4.78464508
4.78464508
4.78464508
4.78464508
4.86946869
4.86946869
4.86946869
4.86946869
4.86946869
4.86946869
4.86946869
4.86946869
4.9542923
4.9542923
4.9542923
4.9542923
4.9542923
4.9542923
4.9542923
4.9542923
5.039114
5.039114
5.039114
5.039114
5.039114
5.039114
5.039114
5.039114
5.12393761
5.12393761
5.12393761
5.12393761
5.12393761
5.12393761
5.12393761
5.12393761
5.20876122
5.20876122
5.20876122
5.20876122
5.20876122
5.20876122
5.20876122
5.20876122
5.29358292
5.29358292
5.29358292
5.29358292
5.29358292
5.29358292
5.29358292
5.29358292
5.37840652
5.37840652
5.37840652
5.37840652
5.37840652
5.37840652
5.37840652
5.37840652
5.46323013
5.46323013
5.46323013
5.46323013
5.46323013
5.46323013
5.46323013
5.46323013
5.54805183
5.54805183
5.54805183
5.54805183
5.54805183
5.54805183
5.54805183
5.54805183
5.63287544
5.63287544
5.63287544
5.63287544
5.63287544
5.63287544
5.63287544
5.63287544
5.71769905
5.71769905
5.71769905
5.71769905
5.71769905
5.71769905
5.71769905
5.71769905
5.80252075
5.80252075
5.80252075
5.80252075
5.80252075
5.80252075
5.80252075
5.80252075
5.88734436
5.88734436
5.88734436
5.88734436
5.88734436
5.88734436
5.88734436
5.88734436
5.97216797
5.97216797
5.97216797
5.97216797
5.97216797
5.97216797
5.97216797
5.97216797
6.05699158
6.05699158
6.05699158
6.05699158
6.05699158
6.05699158
6.05699158
6.05699158
6.14181328
6.14181328
6.14181328
6.14181328
6.14181328
6.14181328
6.14181328
6.14181328
6.22663689
6.22663689
6.22663689
6.22663689
6.22663689
6.22663689
6.22663689
6.22663689
0.028274335
0.028274335
0.028274335
0.028274335
0.028274335
0.028274335
0.028274335
0.028274335
0.11309734
0.11309734
0.11309734
0.11309734
0.11309734
0.11309734
0.11309734
0.11309734
0.197920352
0.197920352
0.197920352
0.197920352
0.197920352
0.197920352
0.197920352
0.197920352
0.282743365
0.282743365
0.282743365
0.282743365
0.282743365
0.282743365
0.282743365
0.282743365
0.367566377
0.367566377
0.367566377
0.367566377
0.367566377
0.367566377
0.367566377
0.367566377
0.452389359
0.452389359
0.452389359
0.452389359
0.452389359
0.452389359
0.452389359
0.452389359
0.537212372
0.537212372
0.537212372
0.537212372
0.537212372
0.537212372
0.537212372
0.537212372
0.622035384
0.622035384
0.622035384
0.622035384
0.622035384
0.622035384
0.622035384
0.622035384
0.706858397
0.706858397
0.706858397
0.706858397
0.706858397
0.706858397
0.706858397
0.706858397
0.791681409
0.791681409
0.791681409
0.791681409
0.791681409
0.791681409
0.791681409
0.791681409
0.876504421
0.876504421
0.876504421
0.876504421
0.876504421
0.876504421
0.876504421
0.876504421
0.961327434
0.961327434
0.961327434
0.961327434
0.961327434
0.961327434
0.961327434
0.961327434
1.04615045
1.04615045
1.04615045
1.04615045
1.04615045
1.04615045
1.04615045
1.04615045
1.13097346
1.13097346
1.13097346
1.13097346
1.13097346
1.13097346
1.13097346
1.13097346
1.21579647
1.21579647
1.21579647
1.21579647
1.21579647
1.21579647
1.21579647
1.21579647
1.29590702
1.29590702
1.29590702
1.29590702
1.29590702
1.29590702
1.29590702
1.29590702
1.38073003
1.38073003
1.38073003
1.38073003
1.38073003
1.38073003
1.38073003
1.38073003
1.46555305
1.46555305
1.46555305
1.46555305
1.46555305
1.46555305
1.46555305
1.46555305
1.55037606
1.55037606
1.55037606
1.55037606
1.55037606
1.55037606
1.55037606
1.55037606
1.63519907
1.63519907
1.63519907
1.63519907
1.63519907
1.63519907
1.63519907
1.63519907
1.72002208
1.72002208
1.72002208
1.72002208
1.72002208
1.72002208
1.72002208
1.72002208
1.80484509
1.80484509
1.80484509
1.80484509
1.80484509
1.80484509
1.80484509
1.80484509
1.88966811
1.88966811
1.88966811
1.88966811
1.88966811
1.88966811
1.88966811
1.88966811
1.97449112
1.97449112
1.97449112
1.97449112
1.97449112
1.97449112
1.97449112
1.97449112
2.05931401
2.05931401
2.05931401
2.05931401
2.05931401
2.05931401
2.05931401
2.05931401
2.14413714
2.14413714
2.14413714
2.14413714
2.14413714
2.14413714
2.14413714
2.14413714
2.22896004
2.22896004
2.22896004
2.22896004
2.22896004
2.22896004
2.22896004
2.22896004
2.31378317
2.31378317
2.31378317
2.31378317
2.31378317
2.31378317
2.31378317
2.31378317
2.39860606
2.39860606
2.39860606
2.39860606
2.39860606
2.39860606
2.39860606
2.39860606
2.48342919
2.48342919
2.48342919
2.48342919
2.48342919
2.48342919
2.48342919
2.48342919
2.56825209
2.56825209
2.56825209
2.56825209
2.56825209
2.56825209
2.56825209
2.56825209
2.65307522
2.65307522
2.65307522
2.65307522
2.65307522
2.65307522
2.65307522
2.65307522
2.73789811
2.73789811
2.73789811
2.73789811
2.73789811
2.73789811
2.73789811
2.73789811
2.82272124
2.82272124
2.82272124
2.82272124
2.82272124
2.82272124
2.82272124
2.82272124
2.90754414
2.90754414
2.90754414
2.90754414
2.90754414
2.90754414
2.90754414
2.90754414
2.99236727
2.99236727
2.99236727
2.99236727
2.99236727
2.99236727
2.99236727
2.99236727
3.07719016
3.07719016
3.07719016
3.07719016
3.07719016
3.07719016
3.07719016
3.07719016
3.16201329
3.16201329
3.16201329
3.16201329
3.16201329
3.16201329
3.16201329
3.16201329
3.24683619
3.24683619
3.24683619
3.24683619
3.24683619
3.24683619
3.24683619
3.24683619
3.33165932
3.33165932
3.33165932
3.33165932
3.33165932
3.33165932
3.33165932
3.33165932
3.41648221
3.41648221
3.41648221
3.41648221
3.41648221
3.41648221
3.41648221
3.41648221
3.50130534
3.50130534
3.50130534
3.50130534
3.50130534
3.50130534
3.50130534
3.50130534
3.58612823
3.58612823
3.58612823
3.58612823
3.58612823
3.58612823
3.58612823
3.58612823
3.67095137
3.67095137
3.67095137
3.67095137
3.67095137
3.67095137
3.67095137
3.67095137
3.75577426
3.75577426
3.75577426
3.75577426
3.75577426
3.75577426
3.75577426
3.75577426
3.84059739
3.84059739
3.84059739
3.84059739
3.84059739
3.84059739
3.84059739
3.84059739
3.92542028
3.92542028
3.92542028
3.92542028
3.92542028
3.92542028
3.92542028
3.92542028
4.01024342
4.01024342
4.01024342
4.01024342
4.01024342
4.01024342
4.01024342
4.01024342
4.09506655
4.09506655
4.09506655
4.09506655
4.09506655
4.09506655
4.09506655
4.09506655
4.1798892
4.1798892
4.1798892
4.1798892
4.1798892
4.1798892
4.1798892
4.1798892
4.26471233
4.26471233
4.26471233
4.26471233
4.26471233
4.26471233
4.26471233
4.26471233
4.34953547
4.34953547
4.34953547
4.34953547
4.34953547
4.34953547
4.34953547
4.34953547
4.43435812
4.43435812
4.43435812
4.43435812
4.43435812
4.43435812
4.43435812
4.43435812
4.51918125
4.51918125
4.51918125
4.51918125
4.51918125
4.51918125
4.51918125
4.51918125
4.5992918
4.5992918
4.5992918
4.5992918
4.5992918
4.5992918
4.5992918
4.5992918
4.68411493
4.68411493
4.68411493
4.68411493
4.68411493
4.68411493
4.68411493
4.68411493
4.76893806
4.76893806
4.76893806
4.76893806
4.76893806
4.76893806
4.76893806
4.76893806
4.8537612
4.8537612
4.8537612
4.8537612
4.8537612
4.8537612
4.8537612
4.8537612
4.93858385
4.93858385
4.93858385
4.93858385
4.93858385
4.93858385
4.93858385
4.93858385
5.02340698
5.02340698
5.02340698
5.02340698
5.02340698
5.02340698
5.02340698
5.02340698
5.10823011
5.10823011
5.10823011
5.10823011
5.10823011
5.10823011
5.10823011
5.10823011
5.19305325
5.19305325
5.19305325
5.19305325
5.19305325
5.19305325
5.19305325
5.19305325
5.2778759
5.2778759
5.2778759
5.2778759
5.2778759
5.2778759
5.2778759
5.2778759
5.36269903
5.36269903
5.36269903
5.36269903
5.36269903
5.36269903
5.36269903
5.36269903
5.44752216
5.44752216
5.44752216
5.44752216
5.44752216
5.44752216
5.44752216
5.44752216
5.53234529
5.53234529
5.53234529
5.53234529
5.53234529
5.53234529
5.53234529
5.53234529
5.61716795
5.61716795
5.61716795
5.61716795
5.61716795
5.61716795
5.61716795
5.61716795
5.70199108
5.70199108
5.70199108
5.70199108
5.70199108
5.70199108
5.70199108
5.70199108
5.78681421
5.78681421
5.78681421
5.78681421
5.78681421
5.78681421
5.78681421
5.78681421
5.87163687
5.87163687
5.87163687
5.87163687
5.87163687
5.87163687
5.87163687
5.87163687
5.95646
5.95646
5.95646
5.95646
5.95646
5.95646
5.95646
5.95646
6.04128313
6.04128313
6.04128313
6.04128313
6.04128313
6.04128313
6.04128313
6.04128313
6.12610626
6.12610626
6.12610626
6.12610626
6.12610626
6.12610626
6.12610626
6.12610626
6.21092892
6.21092892
6.21092892
6.21092892
6.21092892
6.21092892
6.21092892
6.21092892
0.0125660896
0.0125660896
0.0125660896
0.0125660896
0.0125660896
0.0125660896
0.0125660896
0.0125660896
0.0973892212
0.0973892212
0.0973892212
0.0973892212
0.0973892212
0.0973892212
0.0973892212
0.0973892212
0.182212353
0.182212353
0.182212353
0.182212353
0.182212353
0.182212353
0.182212353
0.182212353
0.267035007
0.267035007
0.267035007
0.267035007
0.267035007
0.267035007
0.267035007
0.267035007
0.351858139
0.351858139
0.351858139
0.351858139
0.351858139
0.351858139
0.351858139
0.351858139
0.436681271
0.436681271
0.436681271
0.436681271
0.436681271
0.436681271
0.436681271
0.436681271
0.521504402
0.521504402
0.521504402
0.521504402
0.521504402
0.521504402
0.521504402
0.521504402
0.606327057
0.606327057
0.606327057
0.606327057
0.606327057
0.606327057
0.606327057
0.606327057
0.691150188
0.691150188
0.691150188
0.691150188
0.691150188
0.691150188
0.691150188
0.691150188
0.77597332
0.77597332
0.77597332
0.77597332
0.77597332
0.77597332
0.77597332
0.77597332
0.860796452
0.860796452
0.860796452
0.860796452
0.860796452
0.860796452
0.860796452
0.860796452
0.945619106
0.945619106
0.945619106
0.945619106
0.945619106
0.945619106
0.945619106
0.945619106
1.02572966
1.02572966
1.02572966
1.02572966
1.02572966
1.02572966
1.02572966
1.02572966
1.11055279
1.11055279
1.11055279
1.11055279
1.11055279
1.11055279
1.11055279
1.11055279
1.19537592
1.19537592
1.19537592
1.19537592
1.19537592
1.19537592
1.19537592
1.19537592
1.28019905
1.28019905
1.28019905
1.28019905
1.28019905
1.28019905
1.28019905
1.28019905
1.36502171
1.36502171
1.36502171
1.36502171
1.36502171
1.36502171
1.36502171
1.36502171
1.44984484
1.44984484
1.44984484
1.44984484
1.44984484
1.44984484
1.44984484
1.44984484
1.53466797
1.53466797
1.53466797
1.53466797
1.53466797
1.53466797
1.53466797
1.53466797
1.6194911
1.6194911
1.6194911
1.6194911
1.6194911
1.6194911
1.6194911
1.6194911
1.70431376
1.70431376
1.70431376
1.70431376
1.70431376
1.70431376
1.70431376
1.70431376
1.78913689
1.78913689
1.78913689
1.78913689
1.78913689
1.78913689
1.78913689
1.78913689
1.87395954
1.87395954
1.87395954
1.87395954
1.87395954
1.87395954
1.87395954
1.87395954
1.95878315
1.95878315
1.95878315
1.95878315
1.95878315
1.95878315
1.95878315
1.95878315
2.0436058
2.0436058
2.0436058
2.0436058
2.0436058
2.0436058
2.0436058
2.0436058
2.12842941
2.12842941
2.12842941
2.12842941
2.12842941
2.12842941
2.12842941
2.12842941
2.21325207
2.21325207
2.21325207
2.21325207
2.21325207
2.21325207
2.21325207
2.21325207
2.29807472
2.29807472
2.29807472
2.29807472
2.29807472
2.29807472
2.29807472
2.29807472
2.38289833
2.38289833
2.38289833
2.38289833
2.38289833
2.38289833
2.38289833
2.38289833
2.46772099
2.46772099
2.46772099
2.46772099
2.46772099
2.46772099
2.46772099
2.46772099
2.55254364
2.55254364
2.55254364
2.55254364
2.55254364
2.55254364
2.55254364
2.55254364
2.63736725
2.63736725
2.63736725
2.63736725
2.63736725
2.63736725
2.63736725
2.63736725
2.7221899
2.7221899
2.7221899
2.7221899
2.7221899
2.7221899
2.7221899
2.7221899
2.80701256
2.80701256
2.80701256
2.80701256
2.80701256
2.80701256
2.80701256
2.80701256
2.89183617
2.89183617
2.89183617
2.89183617
2.89183617
2.89183617
2.89183617
2.89183617
2.97665882
2.97665882
2.97665882
2.97665882
2.97665882
2.97665882
2.97665882
2.97665882
3.06148243
3.06148243
3.06148243
3.06148243
3.06148243
3.06148243
3.06148243
3.06148243
3.14630508
3.14630508
3.14630508
3.14630508
3.14630508
3.14630508
3.14630508
3.14630508
3.23112774
3.23112774
3.23112774
3.23112774
3.23112774
3.23112774
3.23112774
3.23112774
3.31595135
3.31595135
3.31595135
3.31595135
3.31595135
3.31595135
3.31595135
3.31595135
3.400774
3.400774
3.400774
3.400774
3.400774
3.400774
3.400774
3.400774
3.48559666
3.48559666
3.48559666
3.48559666
3.48559666
3.48559666
3.48559666
3.48559666
3.57042027
3.57042027
3.57042027
3.57042027
3.57042027
3.57042027
3.57042027
3.57042027
3.65524292
3.65524292
3.65524292
3.65524292
3.65524292
3.65524292
3.65524292
3.65524292
3.74006653
3.74006653
3.74006653
3.74006653
3.74006653
3.74006653
3.74006653
3.74006653
3.82488918
3.82488918
3.82488918
3.82488918
3.82488918
3.82488918
3.82488918
3.82488918
3.90971184
3.90971184
3.90971184
3.90971184
3.90971184
3.90971184
3.90971184
3.90971184
3.99453545
3.99453545
3.99453545
3.99453545
3.99453545
3.99453545
3.99453545
3.99453545
4.0793581
4.0793581
4.0793581
4.0793581
4.0793581
4.0793581
4.0793581
4.0793581
4.16418076
4.16418076
4.16418076
4.16418076
4.16418076
4.16418076
4.16418076
4.16418076
4.24900436
4.24900436
4.24900436
4.24900436
4.24900436
4.24900436
4.24900436
4.24900436
4.32911491
4.32911491
4.32911491
4.32911491
4.32911491
4.32911491
4.32911491
4.32911491
4.41393757
4.41393757
4.41393757
4.41393757
4.41393757
4.41393757
4.41393757
4.41393757
4.49876118
4.49876118
4.49876118
4.49876118
4.49876118
4.49876118
4.49876118
4.49876118
4.58358383
4.58358383
4.58358383
4.58358383
4.58358383
4.58358383
4.58358383
4.58358383
4.66840649
4.66840649
4.66840649
4.66840649
4.66840649
4.66840649
4.66840649
4.66840649
4.75323009
4.75323009
4.75323009
4.75323009
4.75323009
4.75323009
4.75323009
4.75323009
4.83805275
4.83805275
4.83805275
4.83805275
4.83805275
4.83805275
4.83805275
4.83805275
4.9228754
4.9228754
4.9228754
4.9228754
4.9228754
4.9228754
4.9228754
4.9228754
5.00769901
5.00769901
5.00769901
5.00769901
5.00769901
5.00769901
5.00769901
5.00769901
5.09252167
5.09252167
5.09252167
5.09252167
5.09252167
5.09252167
5.09252167
5.09252167
5.17734528
5.17734528
5.17734528
5.17734528
5.17734528
5.17734528
5.17734528
5.17734528
5.26216793
5.26216793
5.26216793
5.26216793
5.26216793
5.26216793
5.26216793
5.26216793
5.34699059
5.34699059
5.34699059
5.34699059
5.34699059
5.34699059
5.34699059
5.34699059
5.43181419
5.43181419
5.43181419
5.43181419
5.43181419
5.43181419
5.43181419
5.43181419
5.51663685
5.51663685
5.51663685
5.51663685
5.51663685
5.51663685
5.51663685
5.51663685
5.6014595
5.6014595
5.6014595
5.6014595
5.6014595
5.6014595
5.6014595
5.6014595
5.68628311
5.68628311
5.68628311
5.68628311
5.68628311
5.68628311
5.68628311
5.68628311
5.77110577
5.77110577
5.77110577
5.77110577
5.77110577
5.77110577
5.77110577
5.77110577
5.85592937
5.85592937
5.85592937
5.85592937
5.85592937
5.85592937
5.85592937
5.85592937
5.94075203
5.94075203
5.94075203
5.94075203
5.94075203
5.94075203
5.94075203
5.94075203
6.02557468
6.02557468
6.02557468
6.02557468
6.02557468
6.02557468
6.02557468
6.02557468
6.11039829
6.11039829
6.11039829
6.11039829
6.11039829
6.11039829
6.11039829
6.11039829
6.19522095
6.19522095
6.19522095
6.19522095
6.19522095
6.19522095
6.19522095
6.19522095
6.2800436
6.2800436
6.2800436
6.2800436
6.2800436
6.2800436
6.2800436
6.2800436
0.0816812515
0.0816812515
0.0816812515
0.0816812515
0.0816812515
0.0816812515
0.0816812515
0.0816812515
0.166503906
0.166503906
0.166503906
0.166503906
0.166503906
0.166503906
0.166503906
0.166503906
0.251326561
0.251326561
0.251326561
0.251326561
0.251326561
0.251326561
0.251326561
0.251326561
0.336150169
0.336150169
0.336150169
0.336150169
0.336150169
0.336150169
0.336150169
0.336150169
0.420972824
0.420972824
0.420972824
0.420972824
0.420972824
0.420972824
0.420972824
0.420972824
0.505796432
0.505796432
0.505796432
0.505796432
0.505796432
0.505796432
0.505796432
0.505796432
0.590619087
0.590619087
0.590619087
0.590619087
0.590619087
0.590619087
0.590619087
0.590619087
0.675441742
0.675441742
0.675441742
0.675441742
0.675441742
0.675441742
0.675441742
0.675441742
0.755552292
0.755552292
0.755552292
0.755552292
0.755552292
0.755552292
0.755552292
0.755552292
0.8403759
0.8403759
0.8403759
0.8403759
0.8403759
0.8403759
0.8403759
0.8403759
0.925198555
0.925198555
0.925198555
0.925198555
0.925198555
0.925198555
0.925198555
0.925198555
1.01002216
1.01002216
1.01002216
1.01002216
1.01002216
1.01002216
1.01002216
1.01002216
1.09484482
1.09484482
1.09484482
1.09484482
1.09484482
1.09484482
1.09484482
1.09484482
1.17966747
1.17966747
1.17966747
1.17966747
1.17966747
1.17966747
1.17966747
1.17966747
1.26449108
1.26449108
1.26449108
1.26449108
1.26449108
1.26449108
1.26449108
1.26449108
1.34931374
1.34931374
1.34931374
1.34931374
1.34931374
1.34931374
1.34931374
1.34931374
1.43413639
1.43413639
1.43413639
1.43413639
1.43413639
1.43413639
1.43413639
1.43413639
1.51896
1.51896
1.51896
1.51896
1.51896
1.51896
1.51896
1.51896
1.60378265
1.60378265
1.60378265
1.60378265
1.60378265
1.60378265
1.60378265
1.60378265
1.68860531
1.68860531
1.68860531
1.68860531
1.68860531
1.68860531
1.68860531
1.68860531
1.77342892
1.77342892
1.77342892
1.77342892
1.77342892
1.77342892
1.77342892
1.77342892
1.85825157
1.85825157
1.85825157
1.85825157
1.85825157
1.85825157
1.85825157
1.85825157
1.94307518
1.94307518
1.94307518
1.94307518
1.94307518
1.94307518
1.94307518
1.94307518
2.02789783
2.02789783
2.02789783
2.02789783
2.02789783
2.02789783
2.02789783
2.02789783
2.11272049
2.11272049
2.11272049
2.11272049
2.11272049
2.11272049
2.11272049
2.11272049
2.1975441
2.1975441
2.1975441
2.1975441
2.1975441
2.1975441
2.1975441
2.1975441
2.28236675
2.28236675
2.28236675
2.28236675
2.28236675
2.28236675
2.28236675
2.28236675
2.36718941
2.36718941
2.36718941
2.36718941
2.36718941
2.36718941
2.36718941
2.36718941
2.45201302
2.45201302
2.45201302
2.45201302
2.45201302
2.45201302
2.45201302
2.45201302
2.53683567
2.53683567
2.53683567
2.53683567
2.53683567
2.53683567
2.53683567
2.53683567
2.62165928
2.62165928
2.62165928
2.62165928
2.62165928
2.62165928
2.62165928
2.62165928
2.70648193
2.70648193
2.70648193
2.70648193
2.70648193
2.70648193
2.70648193
2.70648193
2.79130459
2.79130459
2.79130459
2.79130459
2.79130459
2.79130459
2.79130459
2.79130459
2.8761282
2.8761282
2.8761282
2.8761282
2.8761282
2.8761282
2.8761282
2.8761282
2.96095085
2.96095085
2.96095085
2.96095085
2.96095085
2.96095085
2.96095085
2.96095085
3.04577351
3.04577351
3.04577351
3.04577351
3.04577351
3.04577351
3.04577351
3.04577351
3.13059711
3.13059711
3.13059711
3.13059711
3.13059711
3.13059711
3.13059711
3.13059711
3.21541977
3.21541977
3.21541977
3.21541977
3.21541977
3.21541977
3.21541977
3.21541977
3.30024338
3.30024338
3.30024338
3.30024338
3.30024338
3.30024338
3.30024338
3.30024338
3.38506603
3.38506603
3.38506603
3.38506603
3.38506603
3.38506603
3.38506603
3.38506603
3.46988869
3.46988869
3.46988869
3.46988869
3.46988869
3.46988869
3.46988869
3.46988869
3.5547123
3.5547123
3.5547123
3.5547123
3.5547123
3.5547123
3.5547123
3.5547123
3.639534
3.639534
3.639534
3.639534
3.639534
3.639534
3.639534
3.639534
3.7243576
3.7243576
3.7243576
3.7243576
3.7243576
3.7243576
3.7243576
3.7243576
3.80918121
3.80918121
3.80918121
3.80918121
3.80918121
3.80918121
3.80918121
3.80918121
3.89400482
3.89400482
3.89400482
3.89400482
3.89400482
3.89400482
3.89400482
3.89400482
3.97882652
3.97882652
3.97882652
3.97882652
3.97882652
3.97882652
3.97882652
3.97882652
4.05893707
4.05893707
4.05893707
4.05893707
4.05893707
4.05893707
4.05893707
4.05893707
4.14376068
4.14376068
4.14376068
4.14376068
4.14376068
4.14376068
4.14376068
4.14376068
4.22858429
4.22858429
4.22858429
4.22858429
4.22858429
4.22858429
4.22858429
4.22858429
4.31340599
4.31340599
4.31340599
4.31340599
4.31340599
4.31340599
4.31340599
4.31340599
4.3982296
4.3982296
4.3982296
4.3982296
4.3982296
4.3982296
4.3982296
4.3982296
4.48305321
4.48305321
4.48305321
4.48305321
4.48305321
4.48305321
4.48305321
4.48305321
4.56787491
4.56787491
4.56787491
4.56787491
4.56787491
4.56787491
4.56787491
4.56787491
4.65269852
4.65269852
4.65269852
4.65269852
4.65269852
4.65269852
4.65269852
4.65269852
4.73752213
4.73752213
4.73752213
4.73752213
4.73752213
4.73752213
4.73752213
4.73752213
4.82234383
4.82234383
4.82234383
4.82234383
4.82234383
4.82234383
4.82234383
4.82234383
4.90716743
4.90716743
4.90716743
4.90716743
4.90716743
4.90716743
4.90716743
4.90716743
4.99199104
4.99199104
4.99199104
4.99199104
4.99199104
4.99199104
4.99199104
4.99199104
5.07681274
5.07681274
5.07681274
5.07681274
5.07681274
5.07681274
5.07681274
5.07681274
5.16163635
5.16163635
5.16163635
5.16163635
5.16163635
5.16163635
5.16163635
5.16163635
5.24645996
5.24645996
5.24645996
5.24645996
5.24645996
5.24645996
5.24645996
5.24645996
5.33128357
5.33128357
5.33128357
5.33128357
5.33128357
5.33128357
5.33128357
5.33128357
5.41610527
5.41610527
5.41610527
5.41610527
5.41610527
5.41610527
5.41610527
5.41610527
5.50092888
5.50092888
5.50092888
5.50092888
5.50092888
5.50092888
5.50092888
5.50092888
5.58575249
5.58575249
5.58575249
5.58575249
5.58575249
5.58575249
5.58575249
5.58575249
5.67057419
5.67057419
5.67057419
5.67057419
5.67057419
5.67057419
5.67057419
5.67057419
5.7553978
5.7553978
5.7553978
5.7553978
5.7553978
5.7553978
5.7553978
5.7553978
5.84022141
5.84022141
5.84022141
5.84022141
5.84022141
5.84022141
5.84022141
5.84022141
5.92504311
5.92504311
5.92504311
5.92504311
5.92504311
5.92504311
5.92504311
5.92504311
6.00986671
6.00986671
6.00986671
6.00986671
6.00986671
6.00986671
6.00986671
6.00986671
6.09469032
6.09469032
6.09469032
6.09469032
6.09469032
6.09469032
6.09469032
6.09469032
6.17951202
6.17951202
6.17951202
6.17951202
6.17951202
6.17951202
6.17951202
6.17951202
6.26433563
6.26433563
6.26433563
6.26433563
6.26433563
6.26433563
6.26433563
6.26433563
0.0659734532
0.0659734532
0.0659734532
0.0659734532
0.0659734532
0.0659734532
0.0659734532
0.0659734532
0.150796458
0.150796458
0.150796458
0.150796458
0.150796458
0.150796458
0.150796458
0.150796458
0.23561947
0.23561947
0.23561947
0.23561947
0.23561947
0.23561947
0.23561947
0.23561947
0.320442468
0.320442468
0.320442468
0.320442468
0.320442468
0.320442468
0.320442468
0.320442468
0.40526548
0.40526548
0.40526548
0.40526548
0.40526548
0.40526548
0.40526548
0.40526548
0.48537609
0.48537609
0.48537609
0.48537609
0.48537609
0.48537609
0.48537609
0.48537609
0.570199132
0.570199132
0.570199132
0.570199132
0.570199132
0.570199132
0.570199132
0.570199132
0.655022144
0.655022144
0.655022144
0.655022144
0.655022144
0.655022144
0.655022144
0.655022144
0.739845097
0.739845097
0.739845097
0.739845097
0.739845097
0.739845097
0.739845097
0.739845097
0.824668109
0.824668109
0.824668109
0.824668109
0.824668109
0.824668109
0.824668109
0.824668109
0.909491122
0.909491122
0.909491122
0.909491122
0.909491122
0.909491122
0.909491122
0.909491122
0.994314134
0.994314134
0.994314134
0.994314134
0.994314134
0.994314134
0.994314134
0.994314134
1.07913721
1.07913721
1.07913721
1.07913721
1.07913721
1.07913721
1.07913721
1.07913721
1.16396022
1.16396022
1.16396022
1.16396022
1.16396022
1.16396022
1.16396022
1.16396022
1.24878311
1.24878311
1.24878311
1.24878311
1.24878311
1.24878311
1.24878311
1.24878311
1.33360612
1.33360612
1.33360612
1.33360612
1.33360612
1.33360612
1.33360612
1.33360612
1.41842914
1.41842914
1.41842914
1.41842914
1.41842914
1.41842914
1.41842914
1.41842914
1.50325215
1.50325215
1.50325215
1.50325215
1.50325215
1.50325215
1.50325215
1.50325215
1.58807516
1.58807516
1.58807516
1.58807516
1.58807516
1.58807516
1.58807516
1.58807516
1.67289817
1.67289817
1.67289817
1.67289817
1.67289817
1.67289817
1.67289817
1.67289817
1.75772119
1.75772119
1.75772119
1.75772119
1.75772119
1.75772119
1.75772119
1.75772119
1.8425442
1.8425442
1.8425442
1.8425442
1.8425442
1.8425442
1.8425442
1.8425442
1.92736721
1.92736721
1.92736721
1.92736721
1.92736721
1.92736721
1.92736721
1.92736721
2.01219034
2.01219034
2.01219034
2.01219034
2.01219034
2.01219034
2.01219034
2.01219034
2.09701324
2.09701324
2.09701324
2.09701324
2.09701324
2.09701324
2.09701324
2.09701324
2.18183637
2.18183637
2.18183637
2.18183637
2.18183637
2.18183637
2.18183637
2.18183637
2.26665926
2.26665926
2.26665926
2.26665926
2.26665926
2.26665926
2.26665926
2.26665926
2.35148215
2.35148215
2.35148215
2.35148215
2.35148215
2.35148215
2.35148215
2.35148215
2.43630528
2.43630528
2.43630528
2.43630528
2.43630528
2.43630528
2.43630528
2.43630528
2.52112818
2.52112818
2.52112818
2.52112818
2.52112818
2.52112818
2.52112818
2.52112818
2.60595131
2.60595131
2.60595131
2.60595131
2.60595131
2.60595131
2.60595131
2.60595131
2.6907742
2.6907742
2.6907742
2.6907742
2.6907742
2.6907742
2.6907742
2.6907742
2.77559733
2.77559733
2.77559733
2.77559733
2.77559733
2.77559733
2.77559733
2.77559733
2.86042023
2.86042023
2.86042023
2.86042023
2.86042023
2.86042023
2.86042023
2.86042023
2.94524336
2.94524336
2.94524336
2.94524336
2.94524336
2.94524336
2.94524336
2.94524336
3.03006625
3.03006625
3.03006625
3.03006625
3.03006625
3.03006625
3.03006625
3.03006625
3.11488938
3.11488938
3.11488938
3.11488938
3.11488938
3.11488938
3.11488938
3.11488938
3.19971228
3.19971228
3.19971228
3.19971228
3.19971228
3.19971228
3.19971228
3.19971228
3.28453541
3.28453541
3.28453541
3.28453541
3.28453541
3.28453541
3.28453541
3.28453541
3.3693583
3.3693583
3.3693583
3.3693583
3.3693583
3.3693583
3.3693583
3.3693583
3.45418143
3.45418143
3.45418143
3.45418143
3.45418143
3.45418143
3.45418143
3.45418143
3.53900433
3.53900433
3.53900433
3.53900433
3.53900433
3.53900433
3.53900433
3.53900433
3.62382746
3.62382746
3.62382746
3.62382746
3.62382746
3.62382746
3.62382746
3.62382746
3.70865035
3.70865035
3.70865035
3.70865035
3.70865035
3.70865035
3.70865035
3.70865035
3.7887609
3.7887609
3.7887609
3.7887609
3.7887609
3.7887609
3.7887609
3.7887609
3.87358403
3.87358403
3.87358403
3.87358403
3.87358403
3.87358403
3.87358403
3.87358403
3.95840693
3.95840693
3.95840693
3.95840693
3.95840693
3.95840693
3.95840693
3.95840693
4.04323006
4.04323006
4.04323006
4.04323006
4.04323006
4.04323006
4.04323006
4.04323006
4.12805319
4.12805319
4.12805319
4.12805319
4.12805319
4.12805319
4.12805319
4.12805319
4.21287584
4.21287584
4.21287584
4.21287584
4.21287584
4.21287584
4.21287584
4.21287584
4.29769897
4.29769897
4.29769897
4.29769897
4.29769897
4.29769897
4.29769897
4.29769897
4.38252211
4.38252211
4.38252211
4.38252211
4.38252211
4.38252211
4.38252211
4.38252211
4.46734524
4.46734524
4.46734524
4.46734524
4.46734524
4.46734524
4.46734524
4.46734524
4.55216789
4.55216789
4.55216789
4.55216789
4.55216789
4.55216789
4.55216789
4.55216789
4.63699102
4.63699102
4.63699102
4.63699102
4.63699102
4.63699102
4.63699102
4.63699102
4.72181416
4.72181416
4.72181416
4.72181416
4.72181416
4.72181416
4.72181416
4.72181416
4.80663729
4.80663729
4.80663729
4.80663729
4.80663729
4.80663729
4.80663729
4.80663729
4.89145994
4.89145994
4.89145994
4.89145994
4.89145994
4.89145994
4.89145994
4.89145994
4.97628307
4.97628307
4.97628307
4.97628307
4.97628307
4.97628307
4.97628307
4.97628307
5.0611062
5.0611062
5.0611062
5.0611062
5.0611062
5.0611062
5.0611062
5.0611062
5.14592934
5.14592934
5.14592934
5.14592934
5.14592934
5.14592934
5.14592934
5.14592934
5.23075199
5.23075199
5.23075199
5.23075199
5.23075199
5.23075199
5.23075199
5.23075199
5.31557512
5.31557512
5.31557512
5.31557512
5.31557512
5.31557512
5.31557512
5.31557512
5.40039825
5.40039825
5.40039825
5.40039825
5.40039825
5.40039825
5.40039825
5.40039825
5.48522139
5.48522139
5.48522139
5.48522139
5.48522139
5.48522139
5.48522139
5.48522139
5.57004404
5.57004404
5.57004404
5.57004404
5.57004404
5.57004404
5.57004404
5.57004404
5.65486717
5.65486717
5.65486717
5.65486717
5.65486717
5.65486717
5.65486717
5.65486717
5.7396903
5.7396903
5.7396903
5.7396903
5.7396903
5.7396903
5.7396903
5.7396903
5.82451296
5.82451296
5.82451296
5.82451296
5.82451296
5.82451296
5.82451296
5.82451296
5.90933609
5.90933609
5.90933609
5.90933609
5.90933609
5.90933609
5.90933609
5.90933609
5.99415922
5.99415922
5.99415922
5.99415922
5.99415922
5.99415922
5.99415922
5.99415922
6.07898235
6.07898235
6.07898235
6.07898235
6.07898235
6.07898235
6.07898235
6.07898235
6.16380501
6.16380501
6.16380501
6.16380501
6.16380501
6.16380501
6.16380501
6.16380501
6.24862814
6.24862814
6.24862814
6.24862814
6.24862814
6.24862814
6.24862814
6.24862814
0.0502653122
0.0502653122
0.0502653122
0.0502653122
0.0502653122
0.0502653122
0.0502653122
0.0502653122
0.135088444
0.135088444
0.135088444
0.135088444
0.135088444
0.135088444
0.135088444
0.135088444
0.219911098
0.219911098
0.219911098
0.219911098
0.219911098
0.219911098
0.219911098
0.219911098
0.30473423
0.30473423
0.30473423
0.30473423
0.30473423
0.30473423
0.30473423
0.30473423
0.389557362
0.389557362
0.389557362
0.389557362
0.389557362
0.389557362
0.389557362
0.389557362
0.474380493
0.474380493
0.474380493
0.474380493
0.474380493
0.474380493
0.474380493
0.474380493
0.559203148
0.559203148
0.559203148
0.559203148
0.559203148
0.559203148
0.559203148
0.559203148
0.644026279
0.644026279
0.644026279
0.644026279
0.644026279
0.644026279
0.644026279
0.644026279
0.728849411
0.728849411
0.728849411
0.728849411
0.728849411
0.728849411
0.728849411
0.728849411
0.808959961
0.808959961
0.808959961
0.808959961
0.808959961
0.808959961
0.808959961
0.808959961
0.893783092
0.893783092
0.893783092
0.893783092
0.893783092
0.893783092
0.893783092
0.893783092
0.978605747
0.978605747
0.978605747
0.978605747
0.978605747
0.978605747
0.978605747
0.978605747
1.06342888
1.06342888
1.06342888
1.06342888
1.06342888
1.06342888
1.06342888
1.06342888
1.14825201
1.14825201
1.14825201
1.14825201
1.14825201
1.14825201
1.14825201
1.14825201
1.23307514
1.23307514
1.23307514
1.23307514
1.23307514
1.23307514
1.23307514
1.23307514
1.3178978
1.3178978
1.3178978
1.3178978
1.3178978
1.3178978
1.3178978
1.3178978
1.40272093
1.40272093
1.40272093
1.40272093
1.40272093
1.40272093
1.40272093
1.40272093
1.48754406
1.48754406
1.48754406
1.48754406
1.48754406
1.48754406
1.48754406
1.48754406
1.57236719
1.57236719
1.57236719
1.57236719
1.57236719
1.57236719
1.57236719
1.57236719
1.65718985
1.65718985
1.65718985
1.65718985
1.65718985
1.65718985
1.65718985
1.65718985
1.74201298
1.74201298
1.74201298
1.74201298
1.74201298
1.74201298
1.74201298
1.74201298
1.82683563
1.82683563
1.82683563
1.82683563
1.82683563
1.82683563
1.82683563
1.82683563
1.91165924
1.91165924
1.91165924
1.91165924
1.91165924
1.91165924
1.91165924
1.91165924
1.9964819
1.9964819
1.9964819
1.9964819
1.9964819
1.9964819
1.9964819
1.9964819
2.0813055
2.0813055
2.0813055
2.0813055
2.0813055
2.0813055
2.0813055
2.0813055
2.16612816
2.16612816
2.16612816
2.16612816
2.16612816
2.16612816
2.16612816
2.16612816
2.25095081
2.25095081
2.25095081
2.25095081
2.25095081
2.25095081
2.25095081
2.25095081
2.33577442
2.33577442
2.33577442
2.33577442
2.33577442
2.33577442
2.33577442
2.33577442
2.42059708
2.42059708
2.42059708
2.42059708
2.42059708
2.42059708
2.42059708
2.42059708
2.50541973
2.50541973
2.50541973
2.50541973
2.50541973
2.50541973
2.50541973
2.50541973
2.59024334
2.59024334
2.59024334
2.59024334
2.59024334
2.59024334
2.59024334
2.59024334
2.67506599
2.67506599
2.67506599
2.67506599
2.67506599
2.67506599
2.67506599
2.67506599
2.7598896
2.7598896
2.7598896
2.7598896
2.7598896
2.7598896
2.7598896
2.7598896
2.84471226
2.84471226
2.84471226
2.84471226
2.84471226
2.84471226
2.84471226
2.84471226
2.92953491
2.92953491
2.92953491
2.92953491
2.92953491
2.92953491
2.92953491
2.92953491
3.01435852
3.01435852
3.01435852
3.01435852
3.01435852
3.01435852
3.01435852
3.01435852
3.09918118
3.09918118
3.09918118
3.09918118
3.09918118
3.09918118
3.09918118
3.09918118
3.18400383
3.18400383
3.18400383
3.18400383
3.18400383
3.18400383
3.18400383
3.18400383
3.26882744
3.26882744
3.26882744
3.26882744
3.26882744
3.26882744
3.26882744
3.26882744
3.35365009
3.35365009
3.35365009
3.35365009
3.35365009
3.35365009
3.35365009
3.35365009
3.43847275
3.43847275
3.43847275
3.43847275
3.43847275
3.43847275
3.43847275
3.43847275
3.51858425
3.51858425
3.51858425
3.51858425
3.51858425
3.51858425
3.51858425
3.51858425
3.60340691
3.60340691
3.60340691
3.60340691
3.60340691
3.60340691
3.60340691
3.60340691
3.68822956
3.68822956
3.68822956
3.68822956
3.68822956
3.68822956
3.68822956
3.68822956
3.77305317
3.77305317
3.77305317
3.77305317
3.77305317
3.77305317
3.77305317
3.77305317
3.85787582
3.85787582
3.85787582
3.85787582
3.85787582
3.85787582
3.85787582
3.85787582
3.94269848
3.94269848
3.94269848
3.94269848
3.94269848
3.94269848
3.94269848
3.94269848
4.02752209
4.02752209
4.02752209
4.02752209
4.02752209
4.02752209
4.02752209
4.02752209
4.11234474
4.11234474
4.11234474
4.11234474
4.11234474
4.11234474
4.11234474
4.11234474
4.19716835
4.19716835
4.19716835
4.19716835
4.19716835
4.19716835
4.19716835
4.19716835
4.281991
4.281991
4.281991
4.281991
4.281991
4.281991
4.281991
4.281991
4.36681366
4.36681366
4.36681366
4.36681366
4.36681366
4.36681366
4.36681366
4.36681366
4.45163727
4.45163727
4.45163727
4.45163727
4.45163727
4.45163727
4.45163727
4.45163727
4.53645992
4.53645992
4.53645992
4.53645992
4.53645992
4.53645992
4.53645992
4.53645992
4.62128258
4.62128258
4.62128258
4.62128258
4.62128258
4.62128258
4.62128258
4.62128258
4.70610619
4.70610619
4.70610619
4.70610619
4.70610619
4.70610619
4.70610619
4.70610619
4.79092884
4.79092884
4.79092884
4.79092884
4.79092884
4.79092884
4.79092884
4.79092884
4.8757515
4.8757515
4.8757515
4.8757515
4.8757515
4.8757515
4.8757515
4.8757515
4.9605751
4.9605751
4.9605751
4.9605751
4.9605751
4.9605751
4.9605751
4.9605751
5.04539776
5.04539776
5.04539776
5.04539776
5.04539776
5.04539776
5.04539776
5.04539776
5.13022137
5.13022137
5.13022137
5.13022137
5.13022137
5.13022137
5.13022137
5.13022137
5.21504402
5.21504402
5.21504402
5.21504402
5.21504402
5.21504402
5.21504402
5.21504402
5.29986668
5.29986668
5.29986668
5.29986668
5.29986668
5.29986668
5.29986668
5.29986668
5.38469028
5.38469028
5.38469028
5.38469028
5.38469028
5.38469028
5.38469028
5.38469028
5.46951294
5.46951294
5.46951294
5.46951294
5.46951294
5.46951294
5.46951294
5.46951294
5.55433559
5.55433559
5.55433559
5.55433559
5.55433559
5.55433559
5.55433559
5.55433559
5.6391592
5.6391592
5.6391592
5.6391592
5.6391592
5.6391592
5.6391592
5.6391592
5.72398186
5.72398186
5.72398186
5.72398186
5.72398186
5.72398186
5.72398186
5.72398186
5.80880547
5.80880547
5.80880547
5.80880547
5.80880547
5.80880547
5.80880547
5.80880547
5.89362812
5.89362812
5.89362812
5.89362812
5.89362812
5.89362812
5.89362812
5.89362812
5.97845078
5.97845078
5.97845078
5.97845078
5.97845078
5.97845078
5.97845078
5.97845078
6.06327438
6.06327438
6.06327438
6.06327438
6.06327438
6.06327438
6.06327438
6.06327438
6.14809704
6.14809704
6.14809704
6.14809704
6.14809704
6.14809704
6.14809704
6.14809704
6.23291969
6.23291969
6.23291969
6.23291969
6.23291969
6.23291969
6.23291969
6.23291969
0.0345573425
0.0345573425
0.0345573425
0.0345573425
0.0345573425
0.0345573425
0.0345573425
0.0345573425
0.119379997
0.119379997
0.119379997
0.119379997
0.119379997
0.119379997
0.119379997
0.119379997
0.204203606
0.204203606
0.204203606
0.204203606
0.204203606
0.204203606
0.204203606
0.204203606
0.28902626
0.28902626
0.28902626
0.28902626
0.28902626
0.28902626
0.28902626
0.28902626
0.373848915
0.373848915
0.373848915
0.373848915
0.373848915
0.373848915
0.373848915
0.373848915
0.458672523
0.458672523
0.458672523
0.458672523
0.458672523
0.458672523
0.458672523
0.458672523
0.538783073
0.538783073
0.538783073
0.538783073
0.538783073
0.538783073
0.538783073
0.538783073
0.623605728
0.623605728
0.623605728
0.623605728
0.623605728
0.623605728
0.623605728
0.623605728
0.708428383
0.708428383
0.708428383
0.708428383
0.708428383
0.708428383
0.708428383
0.708428383
0.793251991
0.793251991
0.793251991
0.793251991
0.793251991
0.793251991
0.793251991
0.793251991
0.878074646
0.878074646
0.878074646
0.878074646
0.878074646
0.878074646
0.878074646
0.878074646
0.962898254
0.962898254
0.962898254
0.962898254
0.962898254
0.962898254
0.962898254
0.962898254
1.04772091
1.04772091
1.04772091
1.04772091
1.04772091
1.04772091
1.04772091
1.04772091
1.13254356
1.13254356
1.13254356
1.13254356
1.13254356
1.13254356
1.13254356
1.13254356
1.21736717
1.21736717
1.21736717
1.21736717
1.21736717
1.21736717
1.21736717
1.21736717
1.30218983
1.30218983
1.30218983
1.30218983
1.30218983
1.30218983
1.30218983
1.30218983
1.38701248
1.38701248
1.38701248
1.38701248
1.38701248
1.38701248
1.38701248
1.38701248
1.47183609
1.47183609
1.47183609
1.47183609
1.47183609
1.47183609
1.47183609
1.47183609
1.55665874
1.55665874
1.55665874
1.55665874
1.55665874
1.55665874
1.55665874
1.55665874
1.6414814
1.6414814
1.6414814
1.6414814
1.6414814
1.6414814
1.6414814
1.6414814
1.72630501
1.72630501
1.72630501
1.72630501
1.72630501
1.72630501
1.72630501
1.72630501
1.81112766
1.81112766
1.81112766
1.81112766
1.81112766
1.81112766
1.81112766
1.81112766
1.89595127
1.89595127
1.89595127
1.89595127
1.89595127
1.89595127
1.89595127
1.89595127
1.98077393
1.98077393
1.98077393
1.98077393
1.98077393
1.98077393
1.98077393
1.98077393
2.06559658
2.06559658
2.06559658
2.06559658
2.06559658
2.06559658
2.06559658
2.06559658
2.15042019
2.15042019
2.15042019
2.15042019
2.15042019
2.15042019
2.15042019
2.15042019
2.23524284
2.23524284
2.23524284
2.23524284
2.23524284
2.23524284
2.23524284
2.23524284
2.3200655
2.3200655
2.3200655
2.3200655
2.3200655
2.3200655
2.3200655
2.3200655
2.40488911
2.40488911
2.40488911
2.40488911
2.40488911
2.40488911
2.40488911
2.40488911
2.48971176
2.48971176
2.48971176
2.48971176
2.48971176
2.48971176
2.48971176
2.48971176
2.57453537
2.57453537
2.57453537
2.57453537
2.57453537
2.57453537
2.57453537
2.57453537
2.65935802
2.65935802
2.65935802
2.65935802
2.65935802
2.65935802
2.65935802
2.65935802
2.74418068
2.74418068
2.74418068
2.74418068
2.74418068
2.74418068
2.74418068
2.74418068
2.82900429
2.82900429
2.82900429
2.82900429
2.82900429
2.82900429
2.82900429
2.82900429
2.91382694
2.91382694
2.91382694
2.91382694
2.91382694
2.91382694
2.91382694
2.91382694
2.9986496
2.9986496
2.9986496
2.9986496
2.9986496
2.9986496
2.9986496
2.9986496
3.08347321
3.08347321
3.08347321
3.08347321
3.08347321
3.08347321
3.08347321
3.08347321
3.16829586
3.16829586
3.16829586
3.16829586
3.16829586
3.16829586
3.16829586
3.16829586
3.25311947
3.25311947
3.25311947
3.25311947
3.25311947
3.25311947
3.25311947
3.25311947
3.33323002
3.33323002
3.33323002
3.33323002
3.33323002
3.33323002
3.33323002
3.33323002
3.41805267
3.41805267
3.41805267
3.41805267
3.41805267
3.41805267
3.41805267
3.41805267
3.50287628
3.50287628
3.50287628
3.50287628
3.50287628
3.50287628
3.50287628
3.50287628
3.58769798
3.58769798
3.58769798
3.58769798
3.58769798
3.58769798
3.58769798
3.58769798
3.67252159
3.67252159
3.67252159
3.67252159
3.67252159
3.67252159
3.67252159
3.67252159
3.7573452
3.7573452
3.7573452
3.7573452
3.7573452
3.7573452
3.7573452
3.7573452
3.8421669
3.8421669
3.8421669
3.8421669
3.8421669
3.8421669
3.8421669
3.8421669
3.92699051
3.92699051
3.92699051
3.92699051
3.92699051
3.92699051
3.92699051
3.92699051
4.01181412
4.01181412
4.01181412
4.01181412
4.01181412
4.01181412
4.01181412
4.01181412
4.09663582
4.09663582
4.09663582
4.09663582
4.09663582
4.09663582
4.09663582
4.09663582
4.18145943
4.18145943
4.18145943
4.18145943
4.18145943
4.18145943
4.18145943
4.18145943
4.26628304
4.26628304
4.26628304
4.26628304
4.26628304
4.26628304
4.26628304
4.26628304
4.35110664
4.35110664
4.35110664
4.35110664
4.35110664
4.35110664
4.35110664
4.35110664
4.43592834
4.43592834
4.43592834
4.43592834
4.43592834
4.43592834
4.43592834
4.43592834
4.52075195
4.52075195
4.52075195
4.52075195
4.52075195
4.52075195
4.52075195
4.52075195
4.60557556
4.60557556
4.60557556
4.60557556
4.60557556
4.60557556
4.60557556
4.60557556
4.69039726
4.69039726
4.69039726
4.69039726
4.69039726
4.69039726
4.69039726
4.69039726
4.77522087
4.77522087
4.77522087
4.77522087
4.77522087
4.77522087
4.77522087
4.77522087
4.86004448
4.86004448
4.86004448
4.86004448
4.86004448
4.86004448
4.86004448
4.86004448
4.94486618
4.94486618
4.94486618
4.94486618
4.94486618
4.94486618
4.94486618
4.94486618
5.02968979
5.02968979
5.02968979
5.02968979
5.02968979
5.02968979
5.02968979
5.02968979
5.1145134
5.1145134
5.1145134
5.1145134
5.1145134
5.1145134
5.1145134
5.1145134
5.1993351
5.1993351
5.1993351
5.1993351
5.1993351
5.1993351
5.1993351
5.1993351
5.28415871
5.28415871
5.28415871
5.28415871
5.28415871
5.28415871
5.28415871
5.28415871
5.36898232
5.36898232
5.36898232
5.36898232
5.36898232
5.36898232
5.36898232
5.36898232
5.45380402
5.45380402
5.45380402
5.45380402
5.45380402
5.45380402
5.45380402
5.45380402
5.53862762
5.53862762
5.53862762
5.53862762
5.53862762
5.53862762
5.53862762
5.53862762
5.62345123
5.62345123
5.62345123
5.62345123
5.62345123
5.62345123
5.62345123
5.62345123
5.70827293
5.70827293
5.70827293
5.70827293
5.70827293
5.70827293
5.70827293
5.70827293
5.79309654
5.79309654
5.79309654
5.79309654
5.79309654
5.79309654
5.79309654
5.79309654
5.87792015
5.87792015
5.87792015
5.87792015
5.87792015
5.87792015
5.87792015
5.87792015
5.96274376
5.96274376
5.96274376
5.96274376
5.96274376
5.96274376
5.96274376
5.96274376
6.04756546
6.04756546
6.04756546
6.04756546
6.04756546
6.04756546
6.04756546
6.04756546
6.13238907
6.13238907
6.13238907
6.13238907
6.13238907
6.13238907
6.13238907
6.13238907
6.21721268
6.21721268
6.21721268
6.21721268
6.21721268
6.21721268
6.21721268
6.21721268
0.0188495573
0.0188495573
0.0188495573
0.0188495573
0.0188495573
0.0188495573
0.0188495573
0.0188495573
0.103672564
0.103672564
0.103672564
0.103672564
0.103672564
0.103672564
0.103672564
0.103672564
0.188495576
0.188495576
0.188495576
0.188495576
0.188495576
0.188495576
0.188495576
0.188495576
0.273318589
0.273318589
0.273318589
0.273318589
0.273318589
0.273318589
0.273318589
0.273318589
0.353429198
0.353429198
0.353429198
0.353429198
0.353429198
0.353429198
0.353429198
0.353429198
0.438252211
0.438252211
0.438252211
0.438252211
0.438252211
0.438252211
0.438252211
0.438252211
0.523075223
0.523075223
0.523075223
0.523075223
0.523075223
0.523075223
0.523075223
0.523075223
0.607898235
0.607898235
0.607898235
0.607898235
0.607898235
0.607898235
0.607898235
0.607898235
0.692721248
0.692721248
0.692721248
0.692721248
0.692721248
0.692721248
0.692721248
0.692721248
0.77754426
0.77754426
0.77754426
0.77754426
0.77754426
0.77754426
0.77754426
0.77754426
0.862367272
0.862367272
0.862367272
0.862367272
0.862367272
0.862367272
0.862367272
0.862367272
0.947190225
0.947190225
0.947190225
0.947190225
0.947190225
0.947190225
0.947190225
0.947190225
1.0320133
1.0320133
1.0320133
1.0320133
1.0320133
1.0320133
1.0320133
1.0320133
1.11683631
1.11683631
1.11683631
1.11683631
1.11683631
1.11683631
1.11683631
1.11683631
1.20165932
1.20165932
1.20165932
1.20165932
1.20165932
1.20165932
1.20165932
1.20165932
1.28648233
1.28648233
1.28648233
1.28648233
1.28648233
1.28648233
1.28648233
1.28648233
1.37130535
1.37130535
1.37130535
1.37130535
1.37130535
1.37130535
1.37130535
1.37130535
1.45612824
1.45612824
1.45612824
1.45612824
1.45612824
1.45612824
1.45612824
1.45612824
1.54095125
1.54095125
1.54095125
1.54095125
1.54095125
1.54095125
1.54095125
1.54095125
1.62577426
1.62577426
1.62577426
1.62577426
1.62577426
1.62577426
1.62577426
1.62577426
1.71059728
1.71059728
1.71059728
1.71059728
1.71059728
1.71059728
1.71059728
1.71059728
1.79542029
1.79542029
1.79542029
1.79542029
1.79542029
1.79542029
1.79542029
1.79542029
1.8802433
1.8802433
1.8802433
1.8802433
1.8802433
1.8802433
1.8802433
1.8802433
1.96506631
1.96506631
1.96506631
1.96506631
1.96506631
1.96506631
1.96506631
1.96506631
2.04988933
2.04988933
2.04988933
2.04988933
2.04988933
2.04988933
2.04988933
2.04988933
2.13471246
2.13471246
2.13471246
2.13471246
2.13471246
2.13471246
2.13471246
2.13471246
2.21953535
2.21953535
2.21953535
2.21953535
2.21953535
2.21953535
2.21953535
2.21953535
2.30435848
2.30435848
2.30435848
2.30435848
2.30435848
2.30435848
2.30435848
2.30435848
2.38918138
2.38918138
2.38918138
2.38918138
2.38918138
2.38918138
2.38918138
2.38918138
2.47400451
2.47400451
2.47400451
2.47400451
2.47400451
2.47400451
2.47400451
2.47400451
2.5588274
2.5588274
2.5588274
2.5588274
2.5588274
2.5588274
2.5588274
2.5588274
2.64365029
2.64365029
2.64365029
2.64365029
2.64365029
2.64365029
2.64365029
2.64365029
2.72847342
2.72847342
2.72847342
2.72847342
2.72847342
2.72847342
2.72847342
2.72847342
2.81329632
2.81329632
2.81329632
2.81329632
2.81329632
2.81329632
2.81329632
2.81329632
2.89811945
2.89811945
2.89811945
2.89811945
2.89811945
2.89811945
2.89811945
2.89811945
2.98294234
2.98294234
2.98294234
2.98294234
2.98294234
2.98294234
2.98294234
2.98294234
3.06305313
3.06305313
3.06305313
3.06305313
3.06305313
3.06305313
3.06305313
3.06305313
3.14787602
3.14787602
3.14787602
3.14787602
3.14787602
3.14787602
3.14787602
3.14787602
3.23269916
3.23269916
3.23269916
3.23269916
3.23269916
3.23269916
3.23269916
3.23269916
3.31752205
3.31752205
3.31752205
3.31752205
3.31752205
3.31752205
3.31752205
3.31752205
3.40234518
3.40234518
3.40234518
3.40234518
3.40234518
3.40234518
3.40234518
3.40234518
3.48716807
3.48716807
3.48716807
3.48716807
3.48716807
3.48716807
3.48716807
3.48716807
3.57199121
3.57199121
3.57199121
3.57199121
3.57199121
3.57199121
3.57199121
3.57199121
3.6568141
3.6568141
3.6568141
3.6568141
3.6568141
3.6568141
3.6568141
3.6568141
3.74163723
3.74163723
3.74163723
3.74163723
3.74163723
3.74163723
3.74163723
3.74163723
3.82646012
3.82646012
3.82646012
3.82646012
3.82646012
3.82646012
3.82646012
3.82646012
3.91128302
3.91128302
3.91128302
3.91128302
3.91128302
3.91128302
3.91128302
3.91128302
3.99610615
3.99610615
3.99610615
3.99610615
3.99610615
3.99610615
3.99610615
3.99610615
4.08092928
4.08092928
4.08092928
4.08092928
4.08092928
4.08092928
4.08092928
4.08092928
4.16575193
4.16575193
4.16575193
4.16575193
4.16575193
4.16575193
4.16575193
4.16575193
4.25057507
4.25057507
4.25057507
4.25057507
4.25057507
4.25057507
4.25057507
4.25057507
4.3353982
4.3353982
4.3353982
4.3353982
4.3353982
4.3353982
4.3353982
4.3353982
4.42022133
4.42022133
4.42022133
4.42022133
4.42022133
4.42022133
4.42022133
4.42022133
4.50504398
4.50504398
4.50504398
4.50504398
4.50504398
4.50504398
4.50504398
4.50504398
4.58986712
4.58986712
4.58986712
4.58986712
4.58986712
4.58986712
4.58986712
4.58986712
4.67469025
4.67469025
4.67469025
4.67469025
4.67469025
4.67469025
4.67469025
4.67469025
4.75951338
4.75951338
4.75951338
4.75951338
4.75951338
4.75951338
4.75951338
4.75951338
4.84433603
4.84433603
4.84433603
4.84433603
4.84433603
4.84433603
4.84433603
4.84433603
4.92915916
4.92915916
4.92915916
4.92915916
4.92915916
4.92915916
4.92915916
4.92915916
5.0139823
5.0139823
5.0139823
5.0139823
5.0139823
5.0139823
5.0139823
5.0139823
5.09880543
5.09880543
5.09880543
5.09880543
5.09880543
5.09880543
5.09880543
5.09880543
5.18362808
5.18362808
5.18362808
5.18362808
5.18362808
5.18362808
5.18362808
5.18362808
5.26845121
5.26845121
5.26845121
5.26845121
5.26845121
5.26845121
5.26845121
5.26845121
5.35327435
5.35327435
5.35327435
5.35327435
5.35327435
5.35327435
5.35327435
5.35327435
5.43809748
5.43809748
5.43809748
5.43809748
5.43809748
5.43809748
5.43809748
5.43809748
5.52292013
5.52292013
5.52292013
5.52292013
5.52292013
5.52292013
5.52292013
5.52292013
5.60774326
5.60774326
5.60774326
5.60774326
5.60774326
5.60774326
5.60774326
5.60774326
5.69256639
5.69256639
5.69256639
5.69256639
5.69256639
5.69256639
5.69256639
5.69256639
5.77738953
5.77738953
5.77738953
5.77738953
5.77738953
5.77738953
5.77738953
5.77738953
5.86221218
5.86221218
5.86221218
5.86221218
5.86221218
5.86221218
5.86221218
5.86221218
5.94703531
5.94703531
5.94703531
5.94703531
5.94703531
5.94703531
5.94703531
5.94703531
6.03185844
6.03185844
6.03185844
6.03185844
6.03185844
6.03185844
6.03185844
6.03185844
6.1166811
6.1166811
6.1166811
6.1166811
6.1166811
6.1166811
6.1166811
6.1166811
6.20150423
6.20150423
6.20150423
6.20150423
6.20150423
6.20150423
6.20150423
6.20150423
0.0031414032
0.0031414032
0.0031414032
0.0031414032
0.0031414032
0.0031414032
0.0031414032
0.0031414032
0.0832519531
0.0832519531
0.0832519531
0.0832519531
0.0832519531
0.0832519531
0.0832519531
0.0832519531
0.168075085
0.168075085
0.168075085
0.168075085
0.168075085
0.168075085
0.168075085
0.168075085
0.252898216
0.252898216
0.252898216
0.252898216
0.252898216
0.252898216
0.252898216
0.252898216
0.337720871
0.337720871
0.337720871
0.337720871
0.337720871
0.337720871
0.337720871
0.337720871
0.422544003
0.422544003
0.422544003
0.422544003
0.422544003
0.422544003
0.422544003
0.422544003
0.507367134
0.507367134
0.507367134
0.507367134
0.507367134
0.507367134
0.507367134
0.507367134
0.592190266
0.592190266
0.592190266
0.592190266
0.592190266
0.592190266
0.592190266
0.592190266
0.67701292
0.67701292
0.67701292
0.67701292
0.67701292
0.67701292
0.67701292
0.67701292
0.761836052
0.761836052
0.761836052
0.761836052
0.761836052
0.761836052
0.761836052
0.761836052
0.846659184
0.846659184
0.846659184
0.846659184
0.846659184
0.846659184
0.846659184
0.846659184
0.931482315
0.931482315
0.931482315
0.931482315
0.931482315
0.931482315
0.931482315
0.931482315
1.01630497
1.01630497
1.01630497
1.01630497
1.01630497
1.01630497
1.01630497
1.01630497
1.1011281
1.1011281
1.1011281
1.1011281
1.1011281
1.1011281
1.1011281
1.1011281
1.18595123
1.18595123
1.18595123
1.18595123
1.18595123
1.18595123
1.18595123
1.18595123
1.27077389
1.27077389
1.27077389
1.27077389
1.27077389
1.27077389
1.27077389
1.27077389
1.35559702
1.35559702
1.35559702
1.35559702
1.35559702
1.35559702
1.35559702
1.35559702
1.44042015
1.44042015
1.44042015
1.44042015
1.44042015
1.44042015
1.44042015
1.44042015
1.52524328
1.52524328
1.52524328
1.52524328
1.52524328
1.52524328
1.52524328
1.52524328
1.61006594
1.61006594
1.61006594
1.61006594
1.61006594
1.61006594
1.61006594
1.61006594
1.69488907
1.69488907
1.69488907
1.69488907
1.69488907
1.69488907
1.69488907
1.69488907
1.77971172
1.77971172
1.77971172
1.77971172
1.77971172
1.77971172
1.77971172
1.77971172
1.86453533
1.86453533
1.86453533
1.86453533
1.86453533
1.86453533
1.86453533
1.86453533
1.94935799
1.94935799
1.94935799
1.94935799
1.94935799
1.94935799
1.94935799
1.94935799
2.03418159
2.03418159
2.03418159
2.03418159
2.03418159
2.03418159
2.03418159
2.03418159
2.11900425
2.11900425
2.11900425
2.11900425
2.11900425
2.11900425
2.11900425
2.11900425
2.2038269
2.2038269
2.2038269
2.2038269
2.2038269
2.2038269
2.2038269
2.2038269
2.28865051
2.28865051
2.28865051
2.28865051
2.28865051
2.28865051
2.28865051
2.28865051
2.37347317
2.37347317
2.37347317
2.37347317
2.37347317
2.37347317
2.37347317
2.37347317
2.45829582
2.45829582
2.45829582
2.45829582
2.45829582
2.45829582
2.45829582
2.45829582
2.54311943
2.54311943
2.54311943
2.54311943
2.54311943
2.54311943
2.54311943
2.54311943
2.62794209
2.62794209
2.62794209
2.62794209
2.62794209
2.62794209
2.62794209
2.62794209
2.71276569
2.71276569
2.71276569
2.71276569
2.71276569
2.71276569
2.71276569
2.71276569
2.79287624
2.79287624
2.79287624
2.79287624
2.79287624
2.79287624
2.79287624
2.79287624
2.8776989
2.8776989
2.8776989
2.8776989
2.8776989
2.8776989
2.8776989
2.8776989
2.96252155
2.96252155
2.96252155
2.96252155
2.96252155
2.96252155
2.96252155
2.96252155
3.04734516
3.04734516
3.04734516
3.04734516
3.04734516
3.04734516
3.04734516
3.04734516
3.13216782
3.13216782
3.13216782
3.13216782
3.13216782
3.13216782
3.13216782
3.13216782
3.21699047
3.21699047
3.21699047
3.21699047
3.21699047
3.21699047
3.21699047
3.21699047
3.30181408
3.30181408
3.30181408
3.30181408
3.30181408
3.30181408
3.30181408
3.30181408
3.38663673
3.38663673
3.38663673
3.38663673
3.38663673
3.38663673
3.38663673
3.38663673
3.47146034
3.47146034
3.47146034
3.47146034
3.47146034
3.47146034
3.47146034
3.47146034
3.556283
3.556283
3.556283
3.556283
3.556283
3.556283
3.556283
3.556283
3.64110565
3.64110565
3.64110565
3.64110565
3.64110565
3.64110565
3.64110565
3.64110565
3.72592926
3.72592926
3.72592926
3.72592926
3.72592926
3.72592926
3.72592926
3.72592926
3.81075191
3.81075191
3.81075191
3.81075191
3.81075191
3.81075191
3.81075191
3.81075191
3.89557457
3.89557457
3.89557457
3.89557457
3.89557457
3.89557457
3.89557457
3.89557457
3.98039818
3.98039818
3.98039818
3.98039818
3.98039818
3.98039818
3.98039818
3.98039818
4.06522083
4.06522083
4.06522083
4.06522083
4.06522083
4.06522083
4.06522083
4.06522083
4.15004444
4.15004444
4.15004444
4.15004444
4.15004444
4.15004444
4.15004444
4.15004444
4.2348671
4.2348671
4.2348671
4.2348671
4.2348671
4.2348671
4.2348671
4.2348671
4.31968975
4.31968975
4.31968975
4.31968975
4.31968975
4.31968975
4.31968975
4.31968975
4.40451336
4.40451336
4.40451336
4.40451336
4.40451336
4.40451336
4.40451336
4.40451336
4.48933601
4.48933601
4.48933601
4.48933601
4.48933601
4.48933601
4.48933601
4.48933601
4.57415867
4.57415867
4.57415867
4.57415867
4.57415867
4.57415867
4.57415867
4.57415867
4.65898228
4.65898228
4.65898228
4.65898228
4.65898228
4.65898228
4.65898228
4.65898228
4.74380493
4.74380493
4.74380493
4.74380493
4.74380493
4.74380493
4.74380493
4.74380493
4.82862759
4.82862759
4.82862759
4.82862759
4.82862759
4.82862759
4.82862759
4.82862759
4.91345119
4.91345119
4.91345119
4.91345119
4.91345119
4.91345119
4.91345119
4.91345119
4.99827385
4.99827385
4.99827385
4.99827385
4.99827385
4.99827385
4.99827385
4.99827385
5.08309746
5.08309746
5.08309746
5.08309746
5.08309746
5.08309746
5.08309746
5.08309746
5.16792011
5.16792011
5.16792011
5.16792011
5.16792011
5.16792011
5.16792011
5.16792011
5.25274277
5.25274277
5.25274277
5.25274277
5.25274277
5.25274277
5.25274277
5.25274277
5.33756638
5.33756638
5.33756638
5.33756638
5.33756638
5.33756638
5.33756638
5.33756638
5.42238903
5.42238903
5.42238903
5.42238903
5.42238903
5.42238903
5.42238903
5.42238903
